0 -12.7404
1 -12.7423
2 -12.7476
3 -12.7564
4 -12.7686
5 -12.7841
6 -12.8031
7 -12.8255
8 -12.8512
9 -12.8802
10 -12.9123
11 -12.9471
12 -12.9842
13 -13.0226
14 -13.0614
15 -13.099
16 -13.1338
17 -13.1643
18 -13.1898
19 -13.2102
20 -13.2264
21 -13.2399
22 -13.2528
23 -13.267
24 -13.2841
25 -13.3055
26 -13.3326
27 -13.3663
28 -13.4079
29 -13.4589
30 -13.5214
31 -13.5985
32 -13.6949
33 -13.8184
34 -13.9811
35 -14.1932
36 -14.3467
37 -14.2213
38 -14.0596
39 -13.9466
40 -13.8704
41 -13.8193
42 -13.7863
43 -13.7677
44 -13.7621
45 -13.7689
46 -13.7884
47 -13.8214
48 -13.8686
49 -13.9306
50 -14.0081
51 -14.1008
52 -14.2063
53 -14.3113
54 -14.3781
55 -14.3647
56 -14.2933
57 -14.2127
58 -14.1449
59 -14.095
60 -14.0624
61 -14.0452
62 -14.0406
63 -14.0457
64 -14.0577
65 -14.0745
66 -14.0953
67 -14.1207
68 -14.1519
69 -14.1898
70 -14.234
71 -14.2818
72 -14.328
73 -14.3656
74 -14.3883
75 -14.3934
76 -14.383
77 -14.3619
78 -14.3356
79 -14.3094
80 -14.2874
81 -14.2719
82 -14.2639
83 -14.2627
84 -14.2664
85 -14.2724
86 -14.2775
87 -14.2795
88 -14.2768
89 -14.2696
90 -14.2586
91 -14.245
92 -14.2298
93 -14.2134
94 -14.1961
95 -14.1777
96 -14.1581
97 -14.1379
98 -14.1178
99 -14.0987
100 -14.0813
101 -14.0658
102 -14.0516
103 -14.0378
104 -14.0235
105 -14.008
106 -13.9917
107 -13.9754
108 -13.9602
109 -13.9469
110 -13.9357
111 -13.9259
112 -13.9162
113 -13.905
114 -13.8915
115 -13.8756
116 -13.8587
117 -13.8423
118 -13.8281
119 -13.8168
120 -13.8083
121 -13.8014
122 -13.7944
123 -13.7858
124 -13.7752
125 -13.7632
126 -13.7514
127 -13.7414
128 -13.7342
129 -13.7298
130 -13.7272
131 -13.7246
132 -13.7206
133 -13.7145
134 -13.7069
135 -13.699
136 -13.6923
137 -13.6876
138 -13.6847
139 -13.6827
140 -13.6802
141 -13.6763
142 -13.6705
143 -13.6637
144 -13.6569
145 -13.651
146 -13.6464
147 -13.6427
148 -13.639
149 -13.6345
150 -13.6289
151 -13.6226
152 -13.6164
153 -13.6112
154 -13.6072
155 -13.604
156 -13.6008
157 -13.5968
158 -13.592
159 -13.5868
160 -13.5822
161 -13.579
162 -13.5776
163 -13.5773
164 -13.5772
165 -13.5762
166 -13.5738
167 -13.5705
168 -13.5675
169 -13.566
170 -13.5665
171 -13.5687
172 -13.5715
173 -13.5734
174 -13.5733
175 -13.5715
176 -13.5691
177 -13.5675
178 -13.5677
179 -13.5695
180 -13.572
181 -13.5735
182 -13.573
183 -13.5705
184 -13.5669
185 -13.5637
186 -13.5618
187 -13.5612
188 -13.5611
189 -13.5601
190 -13.5575
191 -13.5535
192 -13.549
193 -13.5452
194 -13.543
195 -13.5421
196 -13.5416
197 -13.5404
198 -13.5379
199 -13.5346
200 -13.5315
201 -13.5298
202 -13.53
203 -13.5318
204 -13.534
205 -13.5353
206 -13.5351
207 -13.5339
208 -13.533
209 -13.5336
210 -13.5365
211 -13.5411
212 -13.5459
213 -13.5494
214 -13.5508
215 -13.5506
216 -13.5504
217 -13.5515
218 -13.5547
219 -13.5593
220 -13.5638
221 -13.5663
222 -13.5663
223 -13.5645
224 -13.5626
225 -13.562
226 -13.5633
227 -13.5657
228 -13.5675
229 -13.5672
230 -13.5644
231 -13.5604
232 -13.5567
233 -13.5547
234 -13.5548
235 -13.5557
236 -13.5559
237 -13.5541
238 -13.5502
239 -13.5454
240 -13.5417
241 -13.54
242 -13.5405
243 -13.5421
244 -13.543
245 -13.5421
246 -13.5394
247 -13.5363
248 -13.5346
249 -13.5352
250 -13.5383
251 -13.5427
252 -13.5466
253 -13.5488
254 -13.5495
255 -13.5498
256 -13.5516
257 -13.5561
258 -13.5633
259 -13.572
260 -13.5801
261 -13.5863
262 -13.5903
263 -13.5937
264 -13.5984
265 -13.6058
266 -13.6158
267 -13.6269
268 -13.6366
269 -13.6429
270 -13.6458
271 -13.647
272 -13.6489
273 -13.6532
274 -13.6595
275 -13.6659
276 -13.6696
277 -13.6689
278 -13.6642
279 -13.6581
280 -13.6531
281 -13.6508
282 -13.6509
283 -13.6513
284 -13.6498
285 -13.6449
286 -13.6373
287 -13.629
288 -13.6225
289 -13.6191
290 -13.6187
291 -13.6198
292 -13.6203
293 -13.6186
294 -13.6146
295 -13.6096
296 -13.6057
297 -13.6042
298 -13.6058
299 -13.6097
300 -13.6142
301 -13.6176
302 -13.6192
303 -13.6191
304 -13.6188
305 -13.6197
306 -13.623
307 -13.6286
308 -13.6359
309 -13.6435
310 -13.6502
311 -13.6555
312 -13.6596
313 -13.6637
314 -13.6689
315 -13.6761
316 -13.6853
317 -13.6961
318 -13.7076
319 -13.7188
320 -13.7289
321 -13.7379
322 -13.7463
323 -13.755
324 -13.7647
325 -13.7761
326 -13.7891
327 -13.8031
328 -13.8171
329 -13.8298
330 -13.8404
331 -13.8486
332 -13.8548
333 -13.8598
334 -13.8643
335 -13.8687
336 -13.8726
337 -13.8754
338 -13.8763
339 -13.8745
340 -13.8699
341 -13.8629
342 -13.854
343 -13.8437
344 -13.8327
345 -13.8212
346 -13.8096
347 -13.7983
348 -13.7876
349 -13.7777
350 -13.7685
351 -13.7598
352 -13.7512
353 -13.7426
354 -13.7338
355 -13.7249
356 -13.7162
357 -13.7082
358 -13.7014
359 -13.6959
360 -13.692
361 -13.6895
362 -13.6884
363 -13.6882
364 -13.6889
365 -13.6901
366 -13.6915
367 -13.693
368 -13.6943
369 -13.6955
370 -13.6966
371 -13.6979
372 -13.6998
373 -13.7026
374 -13.7067
375 -13.7121
376 -13.7187
377 -13.7264
378 -13.7346
379 -13.7432
380 -13.7515
381 -13.7595
382 -13.7669
383 -13.7739
384 -13.7805
385 -13.7868
386 -13.793
387 -13.7994
388 -13.806
389 -13.8134
390 -13.8217
391 -13.8313
392 -13.8425
393 -13.8553
394 -13.8697
395 -13.8855
396 -13.9025
397 -13.9203
398 -13.9384
399 -13.9568
400 -13.9753
401 -13.994
402 -14.013
403 -14.0324
404 -14.0525
405 -14.0733
406 -14.0948
407 -14.1169
408 -14.1394
409 -14.1621
410 -14.1844
411 -14.2056
412 -14.2243
413 -14.2391
414 -14.2481
415 -14.2499
416 -14.2438
417 -14.2305
418 -14.2116
419 -14.189
420 -14.1645
421 -14.1397
422 -14.1152
423 -14.0915
424 -14.0688
425 -14.047
426 -14.0259
427 -14.0055
428 -13.9858
429 -13.9668
430 -13.9486
431 -13.9315
432 -13.9154
433 -13.9007
434 -13.8872
435 -13.8752
436 -13.8645
437 -13.8551
438 -13.8468
439 -13.8396
440 -13.8333
441 -13.8277
442 -13.8227
443 -13.8183
444 -13.8143
445 -13.8107
446 -13.8075
447 -13.8048
448 -13.8024
449 -13.8005
450 -13.799
451 -13.7981
452 -13.7978
453 -13.798
454 -13.7987
455 -13.7999
456 -13.8017
457 -13.8039
458 -13.8066
459 -13.8096
460 -13.8131
461 -13.8168
462 -13.8209
463 -13.8253
464 -13.8301
465 -13.8352
466 -13.8407
467 -13.8466
468 -13.853
469 -13.8598
470 -13.8672
471 -13.8752
472 -13.8837
473 -13.8928
474 -13.9025
475 -13.9129
476 -13.9238
477 -13.9353
478 -13.9474
479 -13.96
480 -13.9731
481 -13.9866
482 -14.0004
483 -14.0146
484 -14.0289
485 -14.0434
486 -14.0581
487 -14.0727
488 -14.0874
489 -14.102
490 -14.1165
491 -14.131
492 -14.1453
493 -14.1596
494 -14.1738
495 -14.188
496 -14.2023
497 -14.2167
498 -14.2314
499 -14.2464
500 -14.2619
501 -14.2779
502 -14.2946
503 -14.3119
504 -14.3299
505 -14.3486
506 -14.368
507 -14.3879
508 -14.4082
509 -14.4288
510 -14.4492
511 -14.4692
512 -14.4882
513 -14.5055
514 -14.5204
515 -14.5324
516 -14.5407
517 -14.5451
518 -14.5455
519 -14.542
520 -14.535
521 -14.5249
522 -14.5124
523 -14.4981
524 -14.4826
525 -14.4663
526 -14.4497
527 -14.4332
528 -14.4168
529 -14.4008
530 -14.3852
531 -14.37
532 -14.3553
533 -14.341
534 -14.3271
535 -14.3138
536 -14.3009
537 -14.2886
538 -14.2768
539 -14.2656
540 -14.2548
541 -14.2446
542 -14.2349
543 -14.2257
544 -14.2171
545 -14.2089
546 -14.2013
547 -14.1942
548 -14.1877
549 -14.1816
550 -14.1761
551 -14.1712
552 -14.1668
553 -14.163
554 -14.1598
555 -14.1571
556 -14.155
557 -14.1533
558 -14.1522
559 -14.1515
560 -14.1512
561 -14.1513
562 -14.1518
563 -14.1527
564 -14.1538
565 -14.1551
566 -14.1566
567 -14.1581
568 -14.1595
569 -14.1608
570 -14.1619
571 -14.1628
572 -14.1634
573 -14.1636
574 -14.1636
575 -14.1631
576 -14.1621
577 -14.1608
578 -14.1589
579 -14.1565
580 -14.1537
581 -14.1504
582 -14.1468
583 -14.1428
584 -14.1386
585 -14.1342
586 -14.1296
587 -14.1249
588 -14.12
589 -14.1151
590 -14.1101
591 -14.1051
592 -14.1003
593 -14.0955
594 -14.091
595 -14.0867
596 -14.0826
597 -14.0788
598 -14.0752
599 -14.0719
600 -14.0688
601 -14.0661
602 -14.0637
603 -14.0618
604 -14.0604
605 -14.0595
606 -14.0591
607 -14.0591
608 -14.0596
609 -14.0605
610 -14.0617
611 -14.0632
612 -14.065
613 -14.0671
614 -14.0697
615 -14.0726
616 -14.0761
617 -14.0801
618 -14.0847
619 -14.0898
620 -14.0955
621 -14.1017
622 -14.1085
623 -14.1158
624 -14.1236
625 -14.132
626 -14.141
627 -14.1506
628 -14.1607
629 -14.1715
630 -14.183
631 -14.195
632 -14.2076
633 -14.2207
634 -14.2343
635 -14.2483
636 -14.2628
637 -14.2778
638 -14.2934
639 -14.3096
640 -14.3265
641 -14.3441
642 -14.3626
643 -14.3819
644 -14.402
645 -14.4229
646 -14.4444
647 -14.4665
648 -14.4892
649 -14.5123
650 -14.5358
651 -14.5597
652 -14.5841
653 -14.6089
654 -14.6343
655 -14.6603
656 -14.687
657 -14.7143
658 -14.7422
659 -14.7704
660 -14.7989
661 -14.8275
662 -14.8561
663 -14.8845
664 -14.9126
665 -14.9401
666 -14.9669
667 -14.9928
668 -15.0173
669 -15.0402
670 -15.0611
671 -15.0794
672 -15.0948
673 -15.1068
674 -15.115
675 -15.1193
676 -15.1196
677 -15.1162
678 -15.1092
679 -15.0988
680 -15.0853
681 -15.0691
682 -15.0505
683 -15.0297
684 -15.0073
685 -14.9835
686 -14.9586
687 -14.933
688 -14.907
689 -14.8811
690 -14.8554
691 -14.8302
692 -14.8056
693 -14.7817
694 -14.7584
695 -14.7358
696 -14.7139
697 -14.693
698 -14.6728
699 -14.6534
700 -14.6347
701 -14.6167
702 -14.5994
703 -14.5828
704 -14.567
705 -14.5519
706 -14.5375
707 -14.5237
708 -14.5104
709 -14.4976
710 -14.4852
711 -14.4735
712 -14.4624
713 -14.4518
714 -14.4416
715 -14.4318
716 -14.4222
717 -14.4129
718 -14.4039
719 -14.3954
720 -14.3873
721 -14.3796
722 -14.3721
723 -14.3649
724 -14.3581
725 -14.3516
726 -14.3455
727 -14.3396
728 -14.334
729 -14.3285
730 -14.3233
731 -14.3184
732 -14.3139
733 -14.3098
734 -14.3058
735 -14.3019
736 -14.2982
737 -14.2948
738 -14.2917
739 -14.2889
740 -14.2865
741 -14.2841
742 -14.2819
743 -14.2799
744 -14.2781
745 -14.2768
746 -14.2759
747 -14.2753
748 -14.2747
749 -14.2742
750 -14.2739
751 -14.274
752 -14.2746
753 -14.2756
754 -14.2769
755 -14.2782
756 -14.2796
757 -14.2811
758 -14.283
759 -14.2855
760 -14.2886
761 -14.2919
762 -14.2953
763 -14.2987
764 -14.3023
765 -14.3061
766 -14.3103
767 -14.3148
768 -14.3192
769 -14.3233
770 -14.3272
771 -14.331
772 -14.3353
773 -14.3402
774 -14.3456
775 -14.3512
776 -14.3565
777 -14.3613
778 -14.366
779 -14.3706
780 -14.3754
781 -14.3801
782 -14.3843
783 -14.3879
784 -14.3909
785 -14.3936
786 -14.3963
787 -14.3989
788 -14.401
789 -14.4019
790 -14.4016
791 -14.4004
792 -14.3991
793 -14.3984
794 -14.3986
795 -14.3995
796 -14.4003
797 -14.4006
798 -14.4004
799 -14.4
800 -14.3997
801 -14.3993
802 -14.3985
803 -14.3967
804 -14.394
805 -14.3911
806 -14.3888
807 -14.3876
808 -14.3874
809 -14.3876
810 -14.3874
811 -14.3865
812 -14.3854
813 -14.3848
814 -14.3853
815 -14.3869
816 -14.3893
817 -14.3919
818 -14.3946
819 -14.3975
820 -14.401
821 -14.405
822 -14.4091
823 -14.4126
824 -14.4151
825 -14.4168
826 -14.4186
827 -14.4215
828 -14.426
829 -14.4318
830 -14.4378
831 -14.4435
832 -14.4486
833 -14.4539
834 -14.4601
835 -14.4675
836 -14.4754
837 -14.4829
838 -14.4894
839 -14.4952
840 -14.5015
841 -14.509
842 -14.5178
843 -14.5266
844 -14.5336
845 -14.5384
846 -14.5417
847 -14.5454
848 -14.5508
849 -14.5576
850 -14.5642
851 -14.5689
852 -14.5712
853 -14.5723
854 -14.5743
855 -14.5782
856 -14.5828
857 -14.586
858 -14.586
859 -14.5831
860 -14.5797
861 -14.5783
862 -14.5796
863 -14.5817
864 -14.5819
865 -14.5784
866 -14.5721
867 -14.5661
868 -14.563
869 -14.5632
870 -14.5643
871 -14.563
872 -14.5578
873 -14.5503
874 -14.544
875 -14.5416
876 -14.5427
877 -14.5442
878 -14.5425
879 -14.5365
880 -14.5291
881 -14.5247
882 -14.5261
883 -14.5319
884 -14.5368
885 -14.5346
886 -14.5242
887 -14.5113
888 -14.5051
889 -14.514
890 -14.5468
