0 -12.672
1 -12.6737
2 -12.6788
3 -12.6875
4 -12.6997
5 -12.7155
6 -12.7349
7 -12.7582
8 -12.7852
9 -12.8162
10 -12.8512
11 -12.8902
12 -12.9332
13 -12.9799
14 -13.0297
15 -13.0815
16 -13.1334
17 -13.1822
18 -13.224
19 -13.2551
20 -13.274
21 -13.2821
22 -13.2831
23 -13.2813
24 -13.2807
25 -13.2839
26 -13.2929
27 -13.3094
28 -13.3344
29 -13.3691
30 -13.415
31 -13.4738
32 -13.5485
33 -13.6439
34 -13.7691
35 -13.9431
36 -14.208
37 -14.4674
38 -14.1911
39 -13.9695
40 -13.8328
41 -13.7433
42 -13.6837
43 -13.6452
44 -13.6226
45 -13.6121
46 -13.6115
47 -13.619
48 -13.6335
49 -13.6545
50 -13.6813
51 -13.7126
52 -13.7458
53 -13.7767
54 -13.8001
55 -13.8112
56 -13.8085
57 -13.7938
58 -13.7712
59 -13.7448
60 -13.718
61 -13.6932
62 -13.6725
63 -13.6568
64 -13.6466
65 -13.6417
66 -13.6412
67 -13.6437
68 -13.6477
69 -13.6519
70 -13.6551
71 -13.657
72 -13.6576
73 -13.6573
74 -13.6564
75 -13.655
76 -13.6531
77 -13.6501
78 -13.6457
79 -13.6394
80 -13.6311
81 -13.6213
82 -13.6107
83 -13.6003
84 -13.5909
85 -13.5828
86 -13.576
87 -13.5701
88 -13.5645
89 -13.5588
90 -13.5527
91 -13.5462
92 -13.5395
93 -13.5329
94 -13.5263
95 -13.5199
96 -13.5134
97 -13.5067
98 -13.4996
99 -13.4924
100 -13.4853
101 -13.4786
102 -13.4725
103 -13.4669
104 -13.4616
105 -13.4563
106 -13.4507
107 -13.4448
108 -13.4392
109 -13.4342
110 -13.4304
111 -13.4282
112 -13.4273
113 -13.4272
114 -13.4271
115 -13.4263
116 -13.4245
117 -13.422
118 -13.4196
119 -13.4181
120 -13.4181
121 -13.4196
122 -13.4219
123 -13.424
124 -13.4249
125 -13.4241
126 -13.4219
127 -13.419
128 -13.4167
129 -13.4157
130 -13.416
131 -13.417
132 -13.4175
133 -13.4166
134 -13.4139
135 -13.4098
136 -13.4052
137 -13.4013
138 -13.3984
139 -13.3966
140 -13.3952
141 -13.3932
142 -13.3901
143 -13.3858
144 -13.381
145 -13.3765
146 -13.3729
147 -13.3702
148 -13.3682
149 -13.3661
150 -13.3636
151 -13.3608
152 -13.3579
153 -13.3557
154 -13.3546
155 -13.3545
156 -13.355
157 -13.3553
158 -13.3552
159 -13.3547
160 -13.3546
161 -13.3555
162 -13.3581
163 -13.3623
164 -13.3672
165 -13.3718
166 -13.3752
167 -13.3773
168 -13.3789
169 -13.3813
170 -13.3853
171 -13.3912
172 -13.3981
173 -13.4045
174 -13.4088
175 -13.4105
176 -13.4103
177 -13.4096
178 -13.4099
179 -13.4117
180 -13.4143
181 -13.4162
182 -13.4159
183 -13.4128
184 -13.4078
185 -13.4024
186 -13.3978
187 -13.3948
188 -13.3927
189 -13.3905
190 -13.3872
191 -13.3825
192 -13.3773
193 -13.3727
194 -13.3698
195 -13.3687
196 -13.3688
197 -13.3689
198 -13.3683
199 -13.3669
200 -13.3658
201 -13.366
202 -13.3685
203 -13.3732
204 -13.379
205 -13.3845
206 -13.3886
207 -13.3912
208 -13.3935
209 -13.3973
210 -13.4036
211 -13.4124
212 -13.4223
213 -13.4312
214 -13.4373
215 -13.4405
216 -13.4423
217 -13.4449
218 -13.4498
219 -13.4568
220 -13.4644
221 -13.4699
222 -13.4717
223 -13.47
224 -13.4667
225 -13.4643
226 -13.4641
227 -13.4656
228 -13.467
229 -13.4662
230 -13.4621
231 -13.4558
232 -13.4494
233 -13.445
234 -13.4432
235 -13.4432
236 -13.4428
237 -13.4402
238 -13.4349
239 -13.4283
240 -13.4227
241 -13.4199
242 -13.4204
243 -13.423
244 -13.4255
245 -13.426
246 -13.4238
247 -13.4203
248 -13.4178
249 -13.4185
250 -13.4229
251 -13.4302
252 -13.4379
253 -13.4439
254 -13.4472
255 -13.4489
256 -13.4514
257 -13.457
258 -13.4667
259 -13.4794
260 -13.4927
261 -13.5038
262 -13.5115
263 -13.5167
264 -13.5224
265 -13.5311
266 -13.5439
267 -13.5592
268 -13.5735
269 -13.583
270 -13.5863
271 -13.5855
272 -13.5845
273 -13.5866
274 -13.5923
275 -13.5993
276 -13.6035
277 -13.6012
278 -13.5924
279 -13.5804
280 -13.5696
281 -13.5628
282 -13.5602
283 -13.5599
284 -13.5583
285 -13.5529
286 -13.5435
287 -13.5324
288 -13.5227
289 -13.5167
290 -13.5149
291 -13.516
292 -13.5175
293 -13.5171
294 -13.5138
295 -13.5086
296 -13.5039
297 -13.5018
298 -13.5032
299 -13.5077
300 -13.5137
301 -13.5189
302 -13.5219
303 -13.5225
304 -13.5221
305 -13.5227
306 -13.5258
307 -13.5321
308 -13.541
309 -13.5509
310 -13.5601
311 -13.5674
312 -13.5727
313 -13.5769
314 -13.5819
315 -13.5891
316 -13.5991
317 -13.6119
318 -13.6264
319 -13.641
320 -13.6544
321 -13.6656
322 -13.6753
323 -13.6845
324 -13.6952
325 -13.7084
326 -13.7245
327 -13.7424
328 -13.76
329 -13.7749
330 -13.7854
331 -13.7914
332 -13.7949
333 -13.7982
334 -13.8031
335 -13.8095
336 -13.8156
337 -13.8186
338 -13.8159
339 -13.8072
340 -13.794
341 -13.7794
342 -13.7658
343 -13.7544
344 -13.7453
345 -13.7372
346 -13.7288
347 -13.719
348 -13.7075
349 -13.6948
350 -13.6818
351 -13.6693
352 -13.6581
353 -13.6483
354 -13.6401
355 -13.6336
356 -13.6286
357 -13.6249
358 -13.6222
359 -13.6202
360 -13.6184
361 -13.6162
362 -13.6134
363 -13.6104
364 -13.6075
365 -13.6055
366 -13.605
367 -13.6064
368 -13.6098
369 -13.6149
370 -13.6212
371 -13.628
372 -13.6348
373 -13.6412
374 -13.6472
375 -13.6529
376 -13.6584
377 -13.6638
378 -13.6692
379 -13.6746
380 -13.68
381 -13.6857
382 -13.692
383 -13.6993
384 -13.708
385 -13.7183
386 -13.7301
387 -13.7431
388 -13.7569
389 -13.771
390 -13.7847
391 -13.798
392 -13.8107
393 -13.8232
394 -13.8356
395 -13.8485
396 -13.8618
397 -13.8758
398 -13.8905
399 -13.9057
400 -13.9217
401 -13.9386
402 -13.9569
403 -13.9769
404 -13.9989
405 -14.0231
406 -14.0492
407 -14.0765
408 -14.1039
409 -14.1298
410 -14.1524
411 -14.1703
412 -14.1824
413 -14.1885
414 -14.1888
415 -14.184
416 -14.1746
417 -14.161
418 -14.1435
419 -14.1226
420 -14.0987
421 -14.0728
422 -14.0456
423 -14.0183
424 -13.9914
425 -13.9658
426 -13.9418
427 -13.9196
428 -13.8995
429 -13.8813
430 -13.865
431 -13.8504
432 -13.8373
433 -13.8257
434 -13.8152
435 -13.8057
436 -13.797
437 -13.7891
438 -13.7818
439 -13.7752
440 -13.7692
441 -13.7638
442 -13.759
443 -13.7549
444 -13.7514
445 -13.7487
446 -13.7466
447 -13.7452
448 -13.7445
449 -13.7443
450 -13.7448
451 -13.7458
452 -13.7472
453 -13.749
454 -13.7512
455 -13.7536
456 -13.7563
457 -13.7593
458 -13.7625
459 -13.7659
460 -13.7696
461 -13.7735
462 -13.7778
463 -13.7824
464 -13.7875
465 -13.793
466 -13.799
467 -13.8056
468 -13.8128
469 -13.8208
470 -13.8294
471 -13.8388
472 -13.849
473 -13.8602
474 -13.8722
475 -13.8852
476 -13.8993
477 -13.9144
478 -13.9306
479 -13.948
480 -13.9665
481 -13.9863
482 -14.0074
483 -14.0299
484 -14.0536
485 -14.0787
486 -14.1051
487 -14.1328
488 -14.1617
489 -14.1917
490 -14.2226
491 -14.2542
492 -14.2862
493 -14.3182
494 -14.3494
495 -14.379
496 -14.4061
497 -14.4293
498 -14.4476
499 -14.46
500 -14.4659
501 -14.4651
502 -14.4581
503 -14.4455
504 -14.4286
505 -14.4084
506 -14.386
507 -14.3625
508 -14.3384
509 -14.3144
510 -14.2907
511 -14.2677
512 -14.2456
513 -14.2244
514 -14.2044
515 -14.1854
516 -14.1677
517 -14.1513
518 -14.136
519 -14.122
520 -14.1091
521 -14.0974
522 -14.0868
523 -14.0772
524 -14.0687
525 -14.0613
526 -14.0549
527 -14.0494
528 -14.0449
529 -14.0412
530 -14.0381
531 -14.0357
532 -14.0339
533 -14.0325
534 -14.0316
535 -14.031
536 -14.0308
537 -14.0308
538 -14.0309
539 -14.0311
540 -14.0313
541 -14.0315
542 -14.0315
543 -14.0315
544 -14.0315
545 -14.0315
546 -14.0315
547 -14.0315
548 -14.0317
549 -14.0319
550 -14.0322
551 -14.0326
552 -14.0332
553 -14.034
554 -14.0353
555 -14.0369
556 -14.0389
557 -14.0414
558 -14.0444
559 -14.0478
560 -14.0516
561 -14.0557
562 -14.0602
563 -14.0651
564 -14.0703
565 -14.076
566 -14.0819
567 -14.0881
568 -14.0945
569 -14.1009
570 -14.1073
571 -14.1135
572 -14.1195
573 -14.1252
574 -14.1305
575 -14.1355
576 -14.14
577 -14.1441
578 -14.1476
579 -14.1505
580 -14.1527
581 -14.1541
582 -14.1549
583 -14.1549
584 -14.1544
585 -14.1533
586 -14.1519
587 -14.1501
588 -14.1481
589 -14.1458
590 -14.1433
591 -14.1407
592 -14.138
593 -14.1353
594 -14.1327
595 -14.1302
596 -14.128
597 -14.1259
598 -14.1241
599 -14.1224
600 -14.1209
601 -14.1195
602 -14.1183
603 -14.1172
604 -14.1164
605 -14.1157
606 -14.1153
607 -14.1152
608 -14.1152
609 -14.1154
610 -14.1158
611 -14.1162
612 -14.1167
613 -14.1173
614 -14.118
615 -14.119
616 -14.1202
617 -14.1219
618 -14.1239
619 -14.1263
620 -14.1293
621 -14.1326
622 -14.1365
623 -14.1408
624 -14.1456
625 -14.1509
626 -14.1567
627 -14.1632
628 -14.1702
629 -14.1778
630 -14.1861
631 -14.195
632 -14.2044
633 -14.2145
634 -14.2251
635 -14.2362
636 -14.2479
637 -14.2601
638 -14.2728
639 -14.2862
640 -14.3002
641 -14.315
642 -14.3305
643 -14.3468
644 -14.3639
645 -14.3818
646 -14.4004
647 -14.4196
648 -14.4394
649 -14.4597
650 -14.4806
651 -14.5019
652 -14.5236
653 -14.5458
654 -14.5685
655 -14.5918
656 -14.6156
657 -14.6399
658 -14.6647
659 -14.69
660 -14.7155
661 -14.7411
662 -14.7667
663 -14.7922
664 -14.8173
665 -14.8419
666 -14.8657
667 -14.8884
668 -14.9094
669 -14.9284
670 -14.9448
671 -14.9579
672 -14.9672
673 -14.9722
674 -14.9727
675 -14.9688
676 -14.9608
677 -14.9493
678 -14.9347
679 -14.9177
680 -14.8986
681 -14.878
682 -14.8563
683 -14.8337
684 -14.8107
685 -14.7874
686 -14.7641
687 -14.741
688 -14.7181
689 -14.6957
690 -14.6739
691 -14.6527
692 -14.6323
693 -14.6126
694 -14.5935
695 -14.5752
696 -14.5577
697 -14.5408
698 -14.5248
699 -14.5094
700 -14.4947
701 -14.4806
702 -14.4671
703 -14.4544
704 -14.4422
705 -14.4308
706 -14.42
707 -14.4098
708 -14.4
709 -14.3906
710 -14.3818
711 -14.3735
712 -14.3658
713 -14.3587
714 -14.3519
715 -14.3455
716 -14.3393
717 -14.3335
718 -14.328
719 -14.323
720 -14.3183
721 -14.314
722 -14.3099
723 -14.3062
724 -14.3028
725 -14.2998
726 -14.2971
727 -14.2948
728 -14.2926
729 -14.2907
730 -14.289
731 -14.2875
732 -14.2864
733 -14.2857
734 -14.2851
735 -14.2847
736 -14.2845
737 -14.2844
738 -14.2846
739 -14.2851
740 -14.2859
741 -14.2868
742 -14.2877
743 -14.2888
744 -14.29
745 -14.2916
746 -14.2935
747 -14.2955
748 -14.2976
749 -14.2996
750 -14.3017
751 -14.304
752 -14.3068
753 -14.3099
754 -14.3132
755 -14.3165
756 -14.3197
757 -14.3229
758 -14.3265
759 -14.3306
760 -14.3351
761 -14.3398
762 -14.3444
763 -14.3488
764 -14.3534
765 -14.3584
766 -14.3639
767 -14.3697
768 -14.3754
769 -14.3807
770 -14.3855
771 -14.3902
772 -14.3954
773 -14.4015
774 -14.4083
775 -14.4156
776 -14.4228
777 -14.4296
778 -14.436
779 -14.4423
780 -14.4485
781 -14.4545
782 -14.4598
783 -14.4644
784 -14.4684
785 -14.472
786 -14.4754
787 -14.4784
788 -14.4802
789 -14.4804
790 -14.4788
791 -14.4761
792 -14.4735
793 -14.4716
794 -14.4708
795 -14.4704
796 -14.4697
797 -14.4681
798 -14.4659
799 -14.4636
800 -14.4614
801 -14.4593
802 -14.4567
803 -14.4531
804 -14.4487
805 -14.444
806 -14.44
807 -14.4372
808 -14.4353
809 -14.4335
810 -14.4312
811 -14.4282
812 -14.4252
813 -14.4228
814 -14.4216
815 -14.4214
816 -14.4217
817 -14.4221
818 -14.4224
819 -14.4229
820 -14.4241
821 -14.4259
822 -14.4277
823 -14.4287
824 -14.4287
825 -14.4281
826 -14.4279
827 -14.429
828 -14.4315
829 -14.4349
830 -14.4383
831 -14.4412
832 -14.4438
833 -14.4468
834 -14.4507
835 -14.4556
836 -14.4608
837 -14.4653
838 -14.4688
839 -14.472
840 -14.4759
841 -14.4811
842 -14.4873
843 -14.4932
844 -14.4974
845 -14.4997
846 -14.5012
847 -14.5036
848 -14.5076
849 -14.5129
850 -14.518
851 -14.5212
852 -14.5226
853 -14.5234
854 -14.5254
855 -14.5293
856 -14.5339
857 -14.5374
858 -14.5383
859 -14.537
860 -14.5355
861 -14.5359
862 -14.5388
863 -14.5424
864 -14.5444
865 -14.5432
866 -14.5398
867 -14.5368
868 -14.5366
869 -14.5392
870 -14.5425
871 -14.5435
872 -14.5408
873 -14.536
874 -14.5326
875 -14.533
876 -14.5368
877 -14.5408
878 -14.5413
879 -14.5371
880 -14.5314
881 -14.5289
882 -14.5326
883 -14.5409
884 -14.5482
885 -14.5479
886 -14.5385
887 -14.5264
888 -14.5215
889 -14.5329
890 -14.5705
