0 0
1 -0.0374886
2 -0.143951
3 -0.319111
4 -0.562738
5 -0.874617
6 -1.25451
7 -1.70202
8 -2.21635
9 -2.79581
10 -3.43695
11 -4.13348
12 -4.87478
13 -5.64451
14 -6.41965
15 -7.17114
16 -7.86698
17 -8.47844
18 -8.98794
19 -9.39528
20 -9.7187
21 -9.99028
22 -10.2485
23 -10.5315
24 -10.8732
25 -11.3023
26 -11.8429
27 -12.5174
28 -13.3498
29 -14.3699
30 -15.6197
31 -17.1611
32 -19.0897
33 -21.5588
34 -24.8136
35 -29.0559
36 -32.1249
37 -29.6181
38 -26.3828
39 -24.1239
40 -22.6006
41 -21.5775
42 -20.9172
43 -20.5466
44 -20.433
45 -20.5687
46 -20.9602
47 -21.6203
48 -22.5637
49 -23.8045
50 -25.3532
51 -27.2086
52 -29.3167
53 -31.4184
54 -32.7545
55 -32.4852
56 -31.0584
57 -29.4452
58 -28.0893
59 -27.0908
60 -26.4401
61 -26.0957
62 -26.004
63 -26.1058
64 -26.3453
65 -26.6813
66 -27.0982
67 -27.6065
68 -28.2306
69 -28.9886
70 -29.872
71 -30.828
72 -31.7522
73 -32.5037
74 -32.9568
75 -33.0601
76 -32.8524
77 -32.4293
78 -31.9036
79 -31.3799
80 -30.9387
81 -30.6294
82 -30.4691
83 -30.445
84 -30.5198
85 -30.6387
86 -30.7422
87 -30.7809
88 -30.7284
89 -30.5839
90 -30.3642
91 -30.0922
92 -29.7873
93 -29.4603
94 -29.1135
95 -28.7448
96 -28.3544
97 -27.95
98 -27.5476
99 -27.1658
100 -26.8182
101 -26.5076
102 -26.2239
103 -25.9482
104 -25.6608
105 -25.3516
106 -25.0251
107 -24.6991
108 -24.3954
109 -24.1303
110 -23.9064
111 -23.7103
112 -23.5155
113 -23.2922
114 -23.0212
115 -22.7043
116 -22.3649
117 -22.0376
118 -21.7534
119 -21.5285
120 -21.3584
121 -21.2201
122 -21.0799
123 -20.9084
124 -20.6954
125 -20.4552
126 -20.2192
127 -20.0198
128 -19.8764
129 -19.7884
130 -19.7348
131 -19.6831
132 -19.6032
133 -19.4818
134 -19.3292
135 -19.1719
136 -19.0378
137 -18.9431
138 -18.8854
139 -18.8455
140 -18.7964
141 -18.7171
142 -18.6025
143 -18.4658
144 -18.3293
145 -18.212
146 -18.1203
147 -18.046
148 -17.9717
149 -17.8812
150 -17.7689
151 -17.643
152 -17.5205
153 -17.4165
154 -17.336
155 -17.2715
156 -17.2069
157 -17.1279
158 -17.031
159 -16.9269
160 -16.8348
161 -16.7717
162 -16.7429
163 -16.7382
164 -16.7365
165 -16.7161
166 -16.6681
167 -16.6022
168 -16.5418
169 -16.511
170 -16.5216
171 -16.5666
172 -16.6221
173 -16.6588
174 -16.6576
175 -16.6215
176 -16.5733
177 -16.5417
178 -16.5452
179 -16.5821
180 -16.6311
181 -16.6618
182 -16.6522
183 -16.6014
184 -16.5299
185 -16.4658
186 -16.428
187 -16.4166
188 -16.4137
189 -16.3944
190 -16.3425
191 -16.2612
192 -16.1708
193 -16.0961
194 -16.0515
195 -16.0335
196 -16.0236
197 -15.9998
198 -15.9506
199 -15.8837
200 -15.8214
201 -15.7872
202 -15.792
203 -15.8278
204 -15.8715
205 -15.8974
206 -15.8934
207 -15.8692
208 -15.8508
209 -15.8646
210 -15.9223
211 -16.0133
212 -16.1094
213 -16.1793
214 -16.2073
215 -16.2041
216 -16.199
217 -16.2223
218 -16.2863
219 -16.3785
220 -16.467
221 -16.5183
222 -16.5184
223 -16.4822
224 -16.4431
225 -16.4318
226 -16.4579
227 -16.5053
228 -16.541
229 -16.5349
230 -16.4804
231 -16.3988
232 -16.3252
233 -16.2865
234 -16.287
235 -16.3059
236 -16.3098
237 -16.2729
238 -16.1947
239 -16.1003
240 -16.0248
241 -15.9919
242 -16.0023
243 -16.0331
244 -16.0512
245 -16.033
246 -15.98
247 -15.9185
248 -15.8829
249 -15.8962
250 -15.958
251 -16.0451
252 -16.1234
253 -16.1684
254 -16.181
255 -16.1875
256 -16.2235
257 -16.3136
258 -16.4579
259 -16.6309
260 -16.794
261 -16.9171
262 -16.9983
263 -17.0656
264 -17.1591
265 -17.3068
266 -17.5076
267 -17.7294
268 -17.923
269 -18.0497
270 -18.1073
271 -18.1313
272 -18.1703
273 -18.2554
274 -18.3817
275 -18.509
276 -18.5829
277 -18.5687
278 -18.4762
279 -18.3533
280 -18.2539
281 -18.208
282 -18.2087
283 -18.2177
284 -18.1873
285 -18.09
286 -17.9374
287 -17.772
288 -17.6412
289 -17.5729
290 -17.5647
291 -17.5868
292 -17.597
293 -17.5637
294 -17.4839
295 -17.3845
296 -17.3048
297 -17.2762
298 -17.308
299 -17.385
300 -17.4751
301 -17.5444
302 -17.575
303 -17.5735
304 -17.5667
305 -17.5856
306 -17.6508
307 -17.7642
308 -17.9101
309 -18.0622
310 -18.1962
311 -18.301
312 -18.384
313 -18.4659
314 -18.5703
315 -18.7132
316 -18.8978
317 -19.1143
318 -19.344
319 -19.5668
320 -19.7692
321 -19.9494
322 -20.1175
323 -20.2908
324 -20.4863
325 -20.7141
326 -20.974
327 -21.2539
328 -21.5331
329 -21.7879
330 -22.0001
331 -22.1642
332 -22.288
333 -22.3874
334 -22.4776
335 -22.5648
336 -22.6439
337 -22.7004
338 -22.7171
339 -22.6813
340 -22.59
341 -22.4495
342 -22.271
343 -22.0664
344 -21.8452
345 -21.6154
346 -21.3843
347 -21.1587
348 -20.9446
349 -20.7456
350 -20.5611
351 -20.3869
352 -20.2164
353 -20.044
354 -19.8673
355 -19.6889
356 -19.5155
357 -19.3562
358 -19.2192
359 -19.1101
360 -19.0314
361 -18.9821
362 -18.9587
363 -18.9565
364 -18.97
365 -18.9938
366 -19.0225
367 -19.0516
368 -19.0779
369 -19.101
370 -19.1231
371 -19.1495
372 -19.1873
373 -19.244
374 -19.3249
375 -19.4327
376 -19.5657
377 -19.7188
378 -19.8846
379 -20.0547
380 -20.2219
381 -20.3811
382 -20.5304
383 -20.6699
384 -20.8015
385 -20.9279
386 -21.0524
387 -21.1789
388 -21.3125
389 -21.4592
390 -21.6255
391 -21.8178
392 -22.0409
393 -22.297
394 -22.5855
395 -22.9025
396 -23.242
397 -23.5967
398 -23.9602
399 -24.3278
400 -24.6978
401 -25.0711
402 -25.4507
403 -25.8401
404 -26.242
405 -26.658
406 -27.0878
407 -27.5298
408 -27.9803
409 -28.4336
410 -28.8799
411 -29.303
412 -29.6786
413 -29.9744
414 -30.1545
415 -30.1895
416 -30.0679
417 -29.8019
418 -29.4231
419 -28.9712
420 -28.4826
421 -27.985
422 -27.4955
423 -27.0223
424 -26.5678
425 -26.1308
426 -25.7093
427 -25.3015
428 -24.9071
429 -24.5272
430 -24.1641
431 -23.8208
432 -23.5002
433 -23.205
434 -22.9366
435 -22.6957
436 -22.4818
437 -22.2933
438 -22.1282
439 -21.9838
440 -21.8571
441 -21.7455
442 -21.6464
443 -21.5577
444 -21.478
445 -21.4064
446 -21.3426
447 -21.2867
448 -21.2393
449 -21.201
450 -21.1725
451 -21.1544
452 -21.147
453 -21.1507
454 -21.1652
455 -21.1903
456 -21.2255
457 -21.27
458 -21.3231
459 -21.3843
460 -21.4527
461 -21.528
462 -21.61
463 -21.6985
464 -21.7937
465 -21.896
466 -22.0059
467 -22.1242
468 -22.2515
469 -22.3885
470 -22.5361
471 -22.6947
472 -22.865
473 -23.0474
474 -23.242
475 -23.4489
476 -23.6678
477 -23.8985
478 -24.1402
479 -24.3923
480 -24.6537
481 -24.9234
482 -25.2001
483 -25.4828
484 -25.77
485 -26.0605
486 -26.3531
487 -26.6464
488 -26.9396
489 -27.2317
490 -27.5222
491 -27.8108
492 -28.0975
493 -28.3827
494 -28.667
495 -28.9513
496 -29.237
497 -29.5258
498 -29.8194
499 -30.1201
500 -30.4299
501 -30.7505
502 -31.0835
503 -31.4299
504 -31.7902
505 -32.1641
506 -32.551
507 -32.9491
508 -33.3558
509 -33.767
510 -34.1766
511 -34.5764
512 -34.9557
513 -35.3016
514 -35.6004
515 -35.8387
516 -36.0057
517 -36.0942
518 -36.1022
519 -36.0324
520 -35.8918
521 -35.6906
522 -35.4407
523 -35.1542
524 -34.8432
525 -34.5178
526 -34.1864
527 -33.8552
528 -33.5283
529 -33.2081
530 -32.8959
531 -32.5921
532 -32.297
533 -32.011
534 -31.7343
535 -31.4674
536 -31.2105
537 -30.9641
538 -30.7281
539 -30.5027
540 -30.2877
541 -30.0833
542 -29.8893
543 -29.7058
544 -29.5328
545 -29.3702
546 -29.2181
547 -29.0764
548 -28.945
549 -28.8243
550 -28.7143
551 -28.6154
552 -28.5278
553 -28.4517
554 -28.387
555 -28.3336
556 -28.2909
557 -28.2584
558 -28.2354
559 -28.2215
560 -28.216
561 -28.2186
562 -28.2285
563 -28.2451
564 -28.2674
565 -28.2939
566 -28.3231
567 -28.353
568 -28.3819
569 -28.4082
570 -28.4305
571 -28.4479
572 -28.4594
573 -28.4646
574 -28.4627
575 -28.4529
576 -28.4346
577 -28.407
578 -28.3695
579 -28.3222
580 -28.2655
581 -28.2002
582 -28.1275
583 -28.0486
584 -27.9646
585 -27.8764
586 -27.7846
587 -27.6898
588 -27.5924
589 -27.4933
590 -27.3935
591 -27.2943
592 -27.1969
593 -27.1026
594 -27.0121
595 -26.926
596 -26.8446
597 -26.7678
598 -26.6959
599 -26.6291
600 -26.5679
601 -26.5133
602 -26.4663
603 -26.4282
604 -26.3997
605 -26.3813
606 -26.373
607 -26.3742
608 -26.384
609 -26.4013
610 -26.4253
611 -26.4555
612 -26.4917
613 -26.5346
614 -26.5851
615 -26.6443
616 -26.7135
617 -26.7934
618 -26.8847
619 -26.9874
620 -27.1014
621 -27.2262
622 -27.3617
623 -27.5078
624 -27.6645
625 -27.8323
626 -28.0116
627 -28.2028
628 -28.4064
629 -28.6224
630 -28.8508
631 -29.0912
632 -29.3429
633 -29.6051
634 -29.877
635 -30.1581
636 -30.4484
637 -30.7485
638 -31.0596
639 -31.3833
640 -31.7212
641 -32.0744
642 -32.4439
643 -32.8299
644 -33.2319
645 -33.649
646 -34.0796
647 -34.5222
648 -34.9751
649 -35.4371
650 -35.9073
651 -36.3856
652 -36.8727
653 -37.3696
654 -37.8779
655 -38.3986
656 -38.9321
657 -39.478
658 -40.0347
659 -40.5997
660 -41.17
661 -41.7426
662 -42.3144
663 -42.8824
664 -43.4435
665 -43.9942
666 -44.5303
667 -45.0468
668 -45.5378
669 -45.996
670 -46.4133
671 -46.7803
672 -47.0877
673 -47.3267
674 -47.4909
675 -47.5769
676 -47.5845
677 -47.516
678 -47.3754
679 -47.1675
680 -46.8981
681 -46.5736
682 -46.2008
683 -45.7866
684 -45.3379
685 -44.8612
686 -44.3632
687 -43.851
688 -43.3319
689 -42.8128
690 -42.2996
691 -41.7959
692 -41.304
693 -40.8248
694 -40.3588
695 -39.907
696 -39.4706
697 -39.0507
698 -38.6473
699 -38.2597
700 -37.8864
701 -37.5265
702 -37.1799
703 -36.8478
704 -36.531
705 -36.2296
706 -35.9421
707 -35.6661
708 -35.3998
709 -35.1427
710 -34.896
711 -34.6612
712 -34.4389
713 -34.2276
714 -34.0246
715 -33.8274
716 -33.6352
717 -33.449
718 -33.2703
719 -33.1002
720 -32.9381
721 -32.7827
722 -32.633
723 -32.4894
724 -32.3528
725 -32.2237
726 -32.1015
727 -31.9846
728 -31.8715
729 -31.7622
730 -31.658
731 -31.5606
732 -31.4706
733 -31.3869
734 -31.3073
735 -31.2303
736 -31.1563
737 -31.0871
738 -31.0248
739 -30.97
740 -30.9207
741 -30.8745
742 -30.8302
743 -30.789
744 -30.7542
745 -30.7281
746 -30.7102
747 -30.6974
748 -30.6863
749 -30.6761
750 -30.6696
751 -30.6709
752 -30.6827
753 -30.7037
754 -30.7296
755 -30.7564
756 -30.7833
757 -30.8135
758 -30.8521
759 -30.9022
760 -30.963
761 -31.0298
762 -31.0981
763 -31.1663
764 -31.2369
765 -31.3138
766 -31.3986
767 -31.4882
768 -31.5765
769 -31.6585
770 -31.7349
771 -31.8118
772 -31.8972
773 -31.9954
774 -32.1039
775 -32.2149
776 -32.3208
777 -32.4186
778 -32.5114
779 -32.6043
780 -32.6994
781 -32.7929
782 -32.8779
783 -32.9495
784 -33.0092
785 -33.0633
786 -33.1173
787 -33.1696
788 -33.2108
789 -33.23
790 -33.2234
791 -33.199
792 -33.1729
793 -33.1597
794 -33.1645
795 -33.181
796 -33.197
797 -33.2033
798 -33.1995
799 -33.1918
800 -33.1853
801 -33.178
802 -33.1607
803 -33.1252
804 -33.0723
805 -33.0141
806 -32.9676
807 -32.9434
808 -32.9395
809 -32.9428
810 -32.939
811 -32.9225
812 -32.9007
813 -32.8883
814 -32.8973
815 -32.9295
816 -32.977
817 -33.0298
818 -33.0836
819 -33.1418
820 -33.2108
821 -33.2912
822 -33.3738
823 -33.4441
824 -33.4932
825 -33.5267
826 -33.5629
827 -33.622
828 -33.7126
829 -33.8274
830 -33.9486
831 -34.0611
832 -34.1637
833 -34.2695
834 -34.3939
835 -34.5412
836 -34.6996
837 -34.8493
838 -34.9787
839 -35.0954
840 -35.2208
841 -35.3726
842 -35.5484
843 -35.7229
844 -35.8643
845 -35.9595
846 -36.026
847 -36.0998
848 -36.2068
849 -36.343
850 -36.4761
851 -36.57
852 -36.6151
853 -36.6379
854 -36.6782
855 -36.7547
856 -36.8481
857 -36.9122
858 -36.9113
859 -36.8534
860 -36.7859
861 -36.7582
862 -36.7832
863 -36.8266
864 -36.8301
865 -36.7587
866 -36.6327
867 -36.5129
868 -36.4516
869 -36.4548
870 -36.4768
871 -36.4518
872 -36.3481
873 -36.1983
874 -36.0727
875 -36.0232
876 -36.0448
877 -36.076
878 -36.0425
879 -35.9224
880 -35.7728
881 -35.6848
882 -35.7129
883 -35.83
884 -35.928
885 -35.8845
886 -35.6752
887 -35.4178
888 -35.2942
889 -35.4721
890 -36.1287
