0 0
1 -0.0330652
2 -0.135777
3 -0.308654
4 -0.552519
5 -0.868514
6 -1.25805
7 -1.72274
8 -2.26426
9 -2.88423
10 -3.58394
11 -4.36391
12 -5.22297
13 -6.15646
14 -7.15315
15 -8.19033
16 -9.22779
17 -10.2036
18 -11.0393
19 -11.6621
20 -12.0399
21 -12.201
22 -12.2205
23 -12.1859
24 -12.1726
25 -12.2368
26 -12.4183
27 -12.7467
28 -13.2466
29 -13.9417
30 -14.8592
31 -16.0362
32 -17.5294
33 -19.4366
34 -21.9404
35 -25.4213
36 -30.7194
37 -35.9083
38 -30.3816
39 -25.9493
40 -23.2153
41 -21.4247
42 -20.2335
43 -19.4643
44 -19.0108
45 -18.8022
46 -18.7891
47 -18.9384
48 -19.2298
49 -19.6502
50 -20.1862
51 -20.8115
52 -21.4751
53 -22.0935
54 -22.5606
55 -22.7836
56 -22.7292
57 -22.436
58 -21.9837
59 -21.4552
60 -20.9184
61 -20.4243
62 -20.0092
63 -19.6955
64 -19.492
65 -19.3936
66 -19.383
67 -19.4334
68 -19.5142
69 -19.5966
70 -19.661
71 -19.6986
72 -19.7111
73 -19.705
74 -19.6871
75 -19.6602
76 -19.6213
77 -19.5624
78 -19.4733
79 -19.3464
80 -19.1807
81 -18.9845
82 -18.7736
83 -18.5661
84 -18.3774
85 -18.2152
86 -18.0789
87 -17.9606
88 -17.8496
89 -17.7357
90 -17.6137
91 -17.4838
92 -17.3498
93 -17.2164
94 -17.0859
95 -16.9574
96 -16.8276
97 -16.6927
98 -16.5519
99 -16.4077
100 -16.2656
101 -16.1316
102 -16.0093
103 -15.8977
104 -15.792
105 -15.6852
106 -15.573
107 -15.4563
108 -15.3425
109 -15.2429
110 -15.1683
111 -15.1238
112 -15.1063
113 -15.1043
114 -15.1019
115 -15.0851
116 -15.0487
117 -14.9988
118 -14.9506
119 -14.9211
120 -14.9212
121 -14.9506
122 -14.9969
123 -15.0393
124 -15.0576
125 -15.0416
126 -14.9964
127 -14.9401
128 -14.8941
129 -14.8734
130 -14.8793
131 -14.8986
132 -14.9097
133 -14.8923
134 -14.8383
135 -14.7557
136 -14.6643
137 -14.5845
138 -14.5279
139 -14.4922
140 -14.4635
141 -14.4238
142 -14.3612
143 -14.2758
144 -14.1797
145 -14.0892
146 -14.0165
147 -13.9634
148 -13.9225
149 -13.8816
150 -13.8322
151 -13.7746
152 -13.7178
153 -13.674
154 -13.6515
155 -13.6495
156 -13.6584
157 -13.6656
158 -13.6633
159 -13.6541
160 -13.651
161 -13.6702
162 -13.7221
163 -13.8048
164 -13.903
165 -13.9947
166 -14.0628
167 -14.1053
168 -14.1377
169 -14.1845
170 -14.2651
171 -14.3831
172 -14.5215
173 -14.6492
174 -14.7361
175 -14.7702
176 -14.7654
177 -14.7517
178 -14.7575
179 -14.793
180 -14.8446
181 -14.8824
182 -14.8764
183 -14.8158
184 -14.7156
185 -14.6064
186 -14.5162
187 -14.4555
188 -14.4143
189 -14.3702
190 -14.3033
191 -14.2099
192 -14.1053
193 -14.0141
194 -13.9556
195 -13.9335
196 -13.9346
197 -13.9372
198 -13.925
199 -13.8983
200 -13.8749
201 -13.8796
202 -13.9293
203 -14.0226
204 -14.1393
205 -14.2494
206 -14.3305
207 -14.3827
208 -14.4298
209 -14.5049
210 -14.6312
211 -14.8075
212 -15.006
213 -15.1836
214 -15.3061
215 -15.3701
216 -15.406
217 -15.4576
218 -15.5549
219 -15.6961
220 -15.8471
221 -15.958
222 -15.9941
223 -15.9595
224 -15.8943
225 -15.8463
226 -15.8418
227 -15.8722
228 -15.9001
229 -15.8826
230 -15.801
231 -15.6744
232 -15.547
233 -15.459
234 -15.4243
235 -15.4236
236 -15.4159
237 -15.3635
238 -15.2575
239 -15.1253
240 -15.0126
241 -14.9566
242 -14.9664
243 -15.0188
244 -15.0698
245 -15.0788
246 -15.0347
247 -14.9646
248 -14.9159
249 -14.9294
250 -15.0183
251 -15.1625
252 -15.3173
253 -15.437
254 -15.5028
255 -15.5367
256 -15.5871
257 -15.6996
258 -15.8926
259 -16.1471
260 -16.4134
261 -16.636
262 -16.7886
263 -16.8933
264 -17.0065
265 -17.1817
266 -17.4377
267 -17.7442
268 -18.0302
269 -18.2202
270 -18.2859
271 -18.2688
272 -18.2491
273 -18.2907
274 -18.4055
275 -18.5463
276 -18.6287
277 -18.583
278 -18.4068
279 -18.1669
280 -17.9504
281 -17.8144
282 -17.7642
283 -17.757
284 -17.7258
285 -17.618
286 -17.4299
287 -17.2071
288 -17.0132
289 -16.8936
290 -16.8582
291 -16.8803
292 -16.9102
293 -16.901
294 -16.8346
295 -16.7319
296 -16.6378
297 -16.5949
298 -16.6233
299 -16.7141
300 -16.8334
301 -16.9382
302 -16.9977
303 -17.0099
304 -17.002
305 -17.0135
306 -17.0764
307 -17.2023
308 -17.3795
309 -17.5779
310 -17.7621
311 -17.9075
312 -18.0124
313 -18.0983
314 -18.1978
315 -18.3404
316 -18.5414
317 -18.7972
318 -19.0872
319 -19.3803
320 -19.6469
321 -19.8723
322 -20.0644
323 -20.2501
324 -20.4627
325 -20.727
326 -21.0484
327 -21.4069
328 -21.7602
329 -22.0582
330 -22.2664
331 -22.387
332 -22.4567
333 -22.5239
334 -22.6216
335 -22.7495
336 -22.8717
337 -22.931
338 -22.8781
339 -22.7027
340 -22.4398
341 -22.1472
342 -21.875
343 -21.6483
344 -21.4648
345 -21.3031
346 -21.135
347 -20.9392
348 -20.7097
349 -20.4559
350 -20.1954
351 -19.9461
352 -19.7205
353 -19.5253
354 -19.3623
355 -19.2313
356 -19.1305
357 -19.0568
358 -19.0042
359 -18.9643
360 -18.9267
361 -18.8827
362 -18.8283
363 -18.7671
364 -18.7092
365 -18.6686
366 -18.6585
367 -18.687
368 -18.7554
369 -18.858
370 -18.9838
371 -19.1201
372 -19.2558
373 -19.3843
374 -19.5042
375 -19.6174
376 -19.7271
377 -19.8356
378 -19.9435
379 -20.0511
380 -20.1599
381 -20.2738
382 -20.3997
383 -20.5459
384 -20.7196
385 -20.9248
386 -21.1609
387 -21.4219
388 -21.6982
389 -21.9788
390 -22.2542
391 -22.5191
392 -22.7738
393 -23.0225
394 -23.2721
395 -23.5286
396 -23.7961
397 -24.0761
398 -24.3685
399 -24.6735
400 -24.993
401 -25.332
402 -25.6975
403 -26.0975
404 -26.5383
405 -27.022
406 -27.5436
407 -28.0897
408 -28.6371
409 -29.1546
410 -29.6076
411 -29.9653
412 -30.2076
413 -30.3291
414 -30.336
415 -30.24
416 -30.0519
417 -29.7797
418 -29.4299
419 -29.0105
420 -28.5333
421 -28.0144
422 -27.4721
423 -26.9247
424 -26.3883
425 -25.8755
426 -25.395
427 -24.952
428 -24.5487
429 -24.1848
430 -23.8586
431 -23.5669
432 -23.3063
433 -23.0728
434 -22.8626
435 -22.6724
436 -22.4993
437 -22.341
438 -22.196
439 -22.0635
440 -21.9431
441 -21.8349
442 -21.7393
443 -21.6568
444 -21.5877
445 -21.5324
446 -21.491
447 -21.4631
448 -21.4484
449 -21.4461
450 -21.4552
451 -21.4746
452 -21.5031
453 -21.5395
454 -21.5828
455 -21.6319
456 -21.6862
457 -21.7453
458 -21.8089
459 -21.8773
460 -21.9506
461 -22.0296
462 -22.115
463 -22.2076
464 -22.3085
465 -22.4188
466 -22.5395
467 -22.6716
468 -22.8163
469 -22.9745
470 -23.1472
471 -23.3355
472 -23.5402
473 -23.7625
474 -24.0034
475 -24.2637
476 -24.5445
477 -24.8466
478 -25.171
479 -25.5184
480 -25.8899
481 -26.2863
482 -26.7083
483 -27.1567
484 -27.6318
485 -28.1336
486 -28.6618
487 -29.2154
488 -29.793
489 -30.3926
490 -31.0109
491 -31.6436
492 -32.2841
493 -32.923
494 -33.5474
495 -34.1402
496 -34.6805
497 -35.1452
498 -35.5113
499 -35.7592
500 -35.8769
501 -35.8616
502 -35.7207
503 -35.4701
504 -35.1312
505 -34.7272
506 -34.2801
507 -33.8086
508 -33.3271
509 -32.8464
510 -32.3738
511 -31.9143
512 -31.4715
513 -31.0482
514 -30.6465
515 -30.2681
516 -29.9141
517 -29.5849
518 -29.2803
519 -28.9997
520 -28.7423
521 -28.5075
522 -28.2946
523 -28.1033
524 -27.9335
525 -27.7848
526 -27.6566
527 -27.5478
528 -27.457
529 -27.3825
530 -27.3222
531 -27.2744
532 -27.2374
533 -27.2101
534 -27.1914
535 -27.1802
536 -27.1752
537 -27.175
538 -27.1779
539 -27.182
540 -27.1859
541 -27.1886
542 -27.1898
543 -27.1897
544 -27.189
545 -27.1885
546 -27.1887
547 -27.1901
548 -27.1928
549 -27.1968
550 -27.2027
551 -27.211
552 -27.2231
553 -27.2403
554 -27.2644
555 -27.2965
556 -27.3376
557 -27.388
558 -27.4473
559 -27.5151
560 -27.5907
561 -27.6736
562 -27.7638
563 -27.8613
564 -27.9662
565 -28.0784
566 -28.1973
567 -28.3216
568 -28.4493
569 -28.5782
570 -28.7058
571 -28.8301
572 -28.9494
573 -29.0627
574 -29.1694
575 -29.2687
576 -29.3598
577 -29.4415
578 -29.5121
579 -29.5699
580 -29.6135
581 -29.6423
582 -29.6565
583 -29.6573
584 -29.6465
585 -29.6259
586 -29.5974
587 -29.5622
588 -29.5214
589 -29.4757
590 -29.426
591 -29.3733
592 -29.3193
593 -29.2654
594 -29.2133
595 -29.1642
596 -29.1191
597 -29.0781
598 -29.041
599 -29.0074
600 -28.977
601 -28.9494
602 -28.9247
603 -28.9035
604 -28.8864
605 -28.8738
606 -28.866
607 -28.8629
608 -28.8638
609 -28.868
610 -28.8747
611 -28.8831
612 -28.8931
613 -28.9051
614 -28.9201
615 -28.9393
616 -28.9643
617 -28.9965
618 -29.037
619 -29.0863
620 -29.1448
621 -29.2124
622 -29.2891
623 -29.3752
624 -29.4711
625 -29.5772
626 -29.6943
627 -29.8228
628 -29.9633
629 -30.116
630 -30.2811
631 -30.4586
632 -30.6481
633 -30.8493
634 -31.0615
635 -31.2843
636 -31.5172
637 -31.7607
638 -32.0154
639 -32.2825
640 -32.5632
641 -32.8586
642 -33.1695
643 -33.4961
644 -33.8383
645 -34.1955
646 -34.5668
647 -34.9511
648 -35.3472
649 -35.7541
650 -36.1708
651 -36.5965
652 -37.0313
653 -37.4754
654 -37.9296
655 -38.3944
656 -38.8704
657 -39.3574
658 -39.8541
659 -40.3586
660 -40.8686
661 -41.3814
662 -41.8939
663 -42.4034
664 -42.9063
665 -43.3983
666 -43.8739
667 -44.3264
668 -44.7475
669 -45.1274
670 -45.4548
671 -45.7173
672 -45.9032
673 -46.0031
674 -46.013
675 -45.9347
676 -45.7752
677 -45.5446
678 -45.2538
679 -44.9132
680 -44.5323
681 -44.1201
682 -43.6848
683 -43.2338
684 -42.7732
685 -42.3079
686 -41.8419
687 -41.3785
688 -40.9211
689 -40.4729
690 -40.0365
691 -39.6136
692 -39.2049
693 -38.8105
694 -38.4302
695 -38.0641
696 -37.7126
697 -37.3761
698 -37.0544
699 -36.747
700 -36.4529
701 -36.1713
702 -35.9023
703 -35.6464
704 -35.4043
705 -35.1758
706 -34.9597
707 -34.7545
708 -34.5586
709 -34.3719
710 -34.1953
711 -34.0299
712 -33.8762
713 -33.733
714 -33.5981
715 -33.4693
716 -33.346
717 -33.2289
718 -33.1195
719 -33.0184
720 -32.9253
721 -32.8389
722 -32.7583
723 -32.6836
724 -32.6157
725 -32.5554
726 -32.5024
727 -32.4552
728 -32.4122
729 -32.373
730 -32.3384
731 -32.3098
732 -32.2882
733 -32.2729
734 -32.2621
735 -32.2542
736 -32.2486
737 -32.2468
738 -32.2506
739 -32.2609
740 -32.2765
741 -32.2947
742 -32.3141
743 -32.3349
744 -32.3599
745 -32.3911
746 -32.4285
747 -32.4694
748 -32.5104
749 -32.5507
750 -32.5924
751 -32.6397
752 -32.6952
753 -32.7579
754 -32.8239
755 -32.8891
756 -32.9527
757 -33.018
758 -33.09
759 -33.1717
760 -33.2616
761 -33.3547
762 -33.4465
763 -33.5362
764 -33.6278
765 -33.7271
766 -33.8365
767 -33.9526
768 -34.067
769 -34.1727
770 -34.2692
771 -34.3639
772 -34.4678
773 -34.5884
774 -34.7253
775 -34.8707
776 -35.0147
777 -35.1511
778 -35.2802
779 -35.4058
780 -35.5296
781 -35.6485
782 -35.756
783 -35.8483
784 -35.9273
785 -35.9992
786 -36.0674
787 -36.1266
788 -36.164
789 -36.1672
790 -36.1352
791 -36.0818
792 -36.0285
793 -35.992
794 -35.9752
795 -35.9673
796 -35.9525
797 -35.9218
798 -35.8777
799 -35.8306
800 -35.7875
801 -35.7456
802 -35.6937
803 -35.622
804 -35.5326
805 -35.4393
806 -35.3598
807 -35.3032
808 -35.2645
809 -35.2289
810 -35.1829
811 -35.1242
812 -35.0635
813 -35.0162
814 -34.9916
815 -34.9876
816 -34.9938
817 -35.0007
818 -35.0067
819 -35.0182
820 -35.0421
821 -35.0774
822 -35.1127
823 -35.1336
824 -35.1338
825 -35.1221
826 -35.1178
827 -35.1385
828 -35.1884
829 -35.2565
830 -35.3253
831 -35.3837
832 -35.4352
833 -35.4944
834 -35.5737
835 -35.6724
836 -35.7756
837 -35.8654
838 -35.9359
839 -35.9991
840 -36.0764
841 -36.181
842 -36.305
843 -36.4226
844 -36.5074
845 -36.5541
846 -36.5843
847 -36.6306
848 -36.7116
849 -36.818
850 -36.9186
851 -36.984
852 -37.0113
853 -37.0278
854 -37.0678
855 -37.1446
856 -37.2382
857 -37.3081
858 -37.3252
859 -37.2984
860 -37.269
861 -37.2781
862 -37.3347
863 -37.4077
864 -37.4468
865 -37.4229
866 -37.3549
867 -37.296
868 -37.2911
869 -37.3434
870 -37.4095
871 -37.429
872 -37.3747
873 -37.2796
874 -37.2113
875 -37.2187
876 -37.2945
877 -37.3751
878 -37.3846
879 -37.3019
880 -37.1879
881 -37.1383
882 -37.2109
883 -37.3778
884 -37.524
885 -37.5166
886 -37.3285
887 -37.0872
888 -36.9896
889 -37.2175
890 -37.9686
