0 -9.28282
1 -10.0303
2 -10.7156
3 -11.3131
4 -11.8049
5 -12.1937
6 -12.4995
7 -12.7452
8 -12.9484
9 -13.1208
10 -13.2703
11 -13.4036
12 -13.5269
13 -13.646
14 -13.7663
15 -13.8928
16 -14.0297
17 -14.1785
18 -14.328
19 -14.434
20 -14.4475
21 -14.4027
22 -14.354
23 -14.3206
24 -14.3051
25 -14.3064
26 -14.3229
27 -14.3537
28 -14.3976
29 -14.4531
30 -14.5165
31 -14.5788
32 -14.6236
33 -14.6334
34 -14.6073
35 -14.5617
36 -14.5128
37 -14.4689
38 -14.4329
39 -14.4052
40 -14.385
41 -14.3713
42 -14.3627
43 -14.358
44 -14.3556
45 -14.3541
46 -14.3521
47 -14.3484
48 -14.3422
49 -14.333
50 -14.3211
51 -14.307
52 -14.2914
53 -14.275
54 -14.2586
55 -14.2427
56 -14.2275
57 -14.2133
58 -14.2002
59 -14.188
60 -14.1766
61 -14.1659
62 -14.1557
63 -14.1457
64 -14.1359
65 -14.126
66 -14.116
67 -14.1056
68 -14.095
69 -14.0842
70 -14.073
71 -14.0616
72 -14.0501
73 -14.0384
74 -14.0266
75 -14.0149
76 -14.0031
77 -13.9914
78 -13.9798
79 -13.9682
80 -13.9567
81 -13.9452
82 -13.9337
83 -13.9223
84 -13.9108
85 -13.8994
86 -13.8879
87 -13.8764
88 -13.8648
89 -13.8532
90 -13.8416
91 -13.8299
92 -13.8183
93 -13.8068
94 -13.7953
95 -13.7839
96 -13.7726
97 -13.7615
98 -13.7506
99 -13.7399
100 -13.7295
101 -13.7193
102 -13.7095
103 -13.7
104 -13.6909
105 -13.6822
106 -13.6738
107 -13.6658
108 -13.6582
109 -13.651
110 -13.6442
111 -13.6378
112 -13.6317
113 -13.626
114 -13.6207
115 -13.6157
116 -13.611
117 -13.6065
118 -13.6023
119 -13.5984
120 -13.5947
121 -13.5911
122 -13.5877
123 -13.5844
124 -13.5812
125 -13.5781
126 -13.575
127 -13.5719
128 -13.5688
129 -13.5656
130 -13.5623
131 -13.559
132 -13.5556
133 -13.552
134 -13.5484
135 -13.5446
136 -13.5406
137 -13.5366
138 -13.5324
139 -13.5282
140 -13.5238
141 -13.5194
142 -13.515
143 -13.5105
144 -13.5061
145 -13.5017
146 -13.4974
147 -13.4932
148 -13.4892
149 -13.4854
150 -13.4817
151 -13.4784
152 -13.4752
153 -13.4724
154 -13.47
155 -13.4678
156 -13.4661
157 -13.4647
158 -13.4638
159 -13.4632
160 -13.4631
161 -13.4633
162 -13.464
163 -13.465
164 -13.4664
165 -13.4682
166 -13.4702
167 -13.4724
168 -13.4749
169 -13.4775
170 -13.4801
171 -13.4828
172 -13.4854
173 -13.4878
174 -13.49
175 -13.4919
176 -13.4934
177 -13.4944
178 -13.495
179 -13.4951
180 -13.4946
181 -13.4936
182 -13.492
183 -13.49
184 -13.4875
185 -13.4847
186 -13.4815
187 -13.4781
188 -13.4746
189 -13.471
190 -13.4674
191 -13.464
192 -13.4607
193 -13.4577
194 -13.4551
195 -13.4529
196 -13.4511
197 -13.4498
198 -13.449
199 -13.4487
200 -13.449
201 -13.4499
202 -13.4513
203 -13.4533
204 -13.4558
205 -13.4588
206 -13.4623
207 -13.4662
208 -13.4705
209 -13.4751
210 -13.4799
211 -13.4849
212 -13.49
213 -13.4951
214 -13.5001
215 -13.505
216 -13.5096
217 -13.5137
218 -13.5175
219 -13.5207
220 -13.5233
221 -13.5252
222 -13.5265
223 -13.5271
224 -13.5271
225 -13.5264
226 -13.5251
227 -13.5233
228 -13.521
229 -13.5184
230 -13.5155
231 -13.5124
232 -13.5091
233 -13.5058
234 -13.5024
235 -13.4992
236 -13.496
237 -13.4931
238 -13.4904
239 -13.4879
240 -13.4857
241 -13.484
242 -13.4826
243 -13.4816
244 -13.4811
245 -13.481
246 -13.4815
247 -13.4824
248 -13.484
249 -13.486
250 -13.4887
251 -13.4919
252 -13.4958
253 -13.5002
254 -13.5052
255 -13.5108
256 -13.517
257 -13.5237
258 -13.5309
259 -13.5387
260 -13.5468
261 -13.5553
262 -13.5641
263 -13.573
264 -13.582
265 -13.5909
266 -13.5995
267 -13.6077
268 -13.6153
269 -13.6221
270 -13.628
271 -13.6328
272 -13.6365
273 -13.6388
274 -13.6399
275 -13.6397
276 -13.6383
277 -13.6359
278 -13.6324
279 -13.6282
280 -13.6234
281 -13.6181
282 -13.6126
283 -13.607
284 -13.6015
285 -13.5961
286 -13.591
287 -13.5862
288 -13.5819
289 -13.5781
290 -13.5748
291 -13.5721
292 -13.57
293 -13.5685
294 -13.5675
295 -13.5672
296 -13.5675
297 -13.5683
298 -13.5697
299 -13.5717
300 -13.5742
301 -13.5773
302 -13.5809
303 -13.5849
304 -13.5895
305 -13.5946
306 -13.6001
307 -13.606
308 -13.6125
309 -13.6193
310 -13.6267
311 -13.6345
312 -13.6428
313 -13.6516
314 -13.6609
315 -13.6707
316 -13.681
317 -13.6918
318 -13.7031
319 -13.7148
320 -13.7269
321 -13.7395
322 -13.7523
323 -13.7653
324 -13.7785
325 -13.7916
326 -13.8046
327 -13.8172
328 -13.8293
329 -13.8405
330 -13.8507
331 -13.8596
332 -13.8669
333 -13.8725
334 -13.8761
335 -13.8778
336 -13.8773
337 -13.8749
338 -13.8707
339 -13.8648
340 -13.8575
341 -13.849
342 -13.8397
343 -13.8298
344 -13.8194
345 -13.8089
346 -13.7983
347 -13.7879
348 -13.7778
349 -13.7681
350 -13.7589
351 -13.7502
352 -13.7421
353 -13.7347
354 -13.7279
355 -13.7219
356 -13.7167
357 -13.7122
358 -13.7085
359 -13.7055
360 -13.7033
361 -13.7019
362 -13.7013
363 -13.7013
364 -13.7022
365 -13.7037
366 -13.7059
367 -13.7088
368 -13.7124
369 -13.7166
370 -13.7214
371 -13.7267
372 -13.7325
373 -13.7389
374 -13.7457
375 -13.7529
376 -13.7605
377 -13.7685
378 -13.7767
379 -13.7853
380 -13.7942
381 -13.8033
382 -13.8127
383 -13.8223
384 -13.8322
385 -13.8424
386 -13.8529
387 -13.8638
388 -13.875
389 -13.8867
390 -13.8988
391 -13.9115
392 -13.9248
393 -13.9387
394 -13.9534
395 -13.9688
396 -13.985
397 -14.002
398 -14.0199
399 -14.0386
400 -14.058
401 -14.0781
402 -14.0987
403 -14.1196
404 -14.1403
405 -14.1605
406 -14.1796
407 -14.1968
408 -14.2113
409 -14.2223
410 -14.2292
411 -14.2314
412 -14.2288
413 -14.2215
414 -14.2101
415 -14.1954
416 -14.1781
417 -14.1591
418 -14.139
419 -14.1185
420 -14.0979
421 -14.0777
422 -14.0581
423 -14.0392
424 -14.0212
425 -14.004
426 -13.9879
427 -13.9727
428 -13.9584
429 -13.9452
430 -13.9328
431 -13.9213
432 -13.9107
433 -13.901
434 -13.8921
435 -13.8839
436 -13.8765
437 -13.8698
438 -13.8638
439 -13.8585
440 -13.8538
441 -13.8497
442 -13.8462
443 -13.8432
444 -13.8408
445 -13.8389
446 -13.8375
447 -13.8366
448 -13.8362
449 -13.8362
450 -13.8366
451 -13.8375
452 -13.8388
453 -13.8405
454 -13.8426
455 -13.8451
456 -13.8479
457 -13.851
458 -13.8545
459 -13.8583
460 -13.8624
461 -13.8668
462 -13.8714
463 -13.8763
464 -13.8813
465 -13.8865
466 -13.8919
467 -13.8974
468 -13.9031
469 -13.9088
470 -13.9146
471 -13.9204
472 -13.9263
473 -13.9323
474 -13.9383
475 -13.9443
476 -13.9504
477 -13.9566
478 -13.9629
479 -13.9693
480 -13.9759
481 -13.9827
482 -13.9898
483 -13.9972
484 -14.005
485 -14.0132
486 -14.0219
487 -14.0312
488 -14.041
489 -14.0516
490 -14.063
491 -14.0752
492 -14.0883
493 -14.1024
494 -14.1176
495 -14.1339
496 -14.1515
497 -14.1704
498 -14.1908
499 -14.2126
500 -14.2362
501 -14.2614
502 -14.2885
503 -14.3176
504 -14.3486
505 -14.3816
506 -14.4166
507 -14.4534
508 -14.4915
509 -14.5302
510 -14.568
511 -14.6028
512 -14.6318
513 -14.6518
514 -14.6601
515 -14.656
516 -14.6406
517 -14.6167
518 -14.5877
519 -14.556
520 -14.5237
521 -14.4919
522 -14.4613
523 -14.4322
524 -14.4049
525 -14.3793
526 -14.3554
527 -14.3331
528 -14.3123
529 -14.2929
530 -14.2748
531 -14.2578
532 -14.242
533 -14.2271
534 -14.2131
535 -14.2
536 -14.1877
537 -14.1762
538 -14.1654
539 -14.1553
540 -14.1459
541 -14.1371
542 -14.1288
543 -14.1212
544 -14.114
545 -14.1074
546 -14.1013
547 -14.0958
548 -14.0907
549 -14.086
550 -14.0818
551 -14.078
552 -14.0746
553 -14.0715
554 -14.0688
555 -14.0663
556 -14.0641
557 -14.0623
558 -14.0607
559 -14.0593
560 -14.0582
561 -14.0573
562 -14.0566
563 -14.056
564 -14.0555
565 -14.0551
566 -14.0549
567 -14.0548
568 -14.0549
569 -14.0552
570 -14.0555
571 -14.056
572 -14.0564
573 -14.0568
574 -14.0571
575 -14.0572
576 -14.0571
577 -14.0568
578 -14.0563
579 -14.0557
580 -14.055
581 -14.0542
582 -14.0533
583 -14.0523
584 -14.0512
585 -14.05
586 -14.0487
587 -14.0473
588 -14.0458
589 -14.0443
590 -14.0427
591 -14.0412
592 -14.0397
593 -14.0382
594 -14.0368
595 -14.0353
596 -14.0338
597 -14.0322
598 -14.0306
599 -14.0291
600 -14.0277
601 -14.0266
602 -14.0258
603 -14.0254
604 -14.0255
605 -14.026
606 -14.0269
607 -14.0283
608 -14.03
609 -14.0321
610 -14.0345
611 -14.0371
612 -14.0401
613 -14.0435
614 -14.0473
615 -14.0515
616 -14.0562
617 -14.0615
618 -14.0672
619 -14.0734
620 -14.08
621 -14.0871
622 -14.0947
623 -14.1027
624 -14.1112
625 -14.1201
626 -14.1296
627 -14.1396
628 -14.15
629 -14.1609
630 -14.1722
631 -14.1838
632 -14.1955
633 -14.2075
634 -14.2196
635 -14.2318
636 -14.2443
637 -14.257
638 -14.2699
639 -14.2833
640 -14.297
641 -14.3111
642 -14.3256
643 -14.3403
644 -14.3552
645 -14.3701
646 -14.3851
647 -14.4002
648 -14.4152
649 -14.4303
650 -14.4456
651 -14.4611
652 -14.477
653 -14.4934
654 -14.5102
655 -14.5275
656 -14.5452
657 -14.5634
658 -14.582
659 -14.6009
660 -14.6203
661 -14.64
662 -14.66
663 -14.6803
664 -14.7009
665 -14.7214
666 -14.7419
667 -14.7619
668 -14.7813
669 -14.7998
670 -14.8171
671 -14.8329
672 -14.847
673 -14.8592
674 -14.8693
675 -14.8772
676 -14.8828
677 -14.886
678 -14.8869
679 -14.8856
680 -14.8825
681 -14.8778
682 -14.8721
683 -14.8658
684 -14.8594
685 -14.8531
686 -14.8473
687 -14.842
688 -14.8372
689 -14.8329
690 -14.8292
691 -14.8262
692 -14.824
693 -14.8226
694 -14.822
695 -14.8222
696 -14.823
697 -14.8246
698 -14.8271
699 -14.8305
700 -14.8349
701 -14.8403
702 -14.8462
703 -14.8525
704 -14.859
705 -14.8658
706 -14.8731
707 -14.8808
708 -14.8887
709 -14.896
710 -14.9022
711 -14.9069
712 -14.9104
713 -14.9127
714 -14.9135
715 -14.9122
716 -14.9079
717 -14.9003
718 -14.8897
719 -14.8768
720 -14.8619
721 -14.8451
722 -14.8263
723 -14.806
724 -14.7846
725 -14.7626
726 -14.7403
727 -14.7177
728 -14.6949
729 -14.672
730 -14.6496
731 -14.6279
732 -14.607
733 -14.5866
734 -14.5666
735 -14.5467
736 -14.5273
737 -14.5087
738 -14.4911
739 -14.4746
740 -14.4588
741 -14.4433
742 -14.428
743 -14.4132
744 -14.3991
745 -14.3859
746 -14.3737
747 -14.3619
748 -14.3503
749 -14.339
750 -14.3282
751 -14.3182
752 -14.3092
753 -14.3011
754 -14.2934
755 -14.2858
756 -14.2783
757 -14.2712
758 -14.2649
759 -14.2593
760 -14.2546
761 -14.2502
762 -14.2459
763 -14.2417
764 -14.2377
765 -14.2342
766 -14.2313
767 -14.229
768 -14.227
769 -14.225
770 -14.2229
771 -14.2209
772 -14.2194
773 -14.2184
774 -14.218
775 -14.2178
776 -14.2176
777 -14.2173
778 -14.2171
779 -14.2172
780 -14.2173
781 -14.2173
782 -14.2167
783 -14.2156
784 -14.2142
785 -14.2131
786 -14.2126
787 -14.213
788 -14.2138
789 -14.2145
790 -14.2146
791 -14.2141
792 -14.2136
793 -14.2136
794 -14.2146
795 -14.2168
796 -14.2197
797 -14.223
798 -14.2261
799 -14.229
800 -14.2317
801 -14.234
802 -14.2358
803 -14.237
804 -14.2376
805 -14.2379
806 -14.2385
807 -14.2397
808 -14.2416
809 -14.2439
810 -14.2459
811 -14.2474
812 -14.2484
813 -14.2494
814 -14.2512
815 -14.2539
816 -14.2575
817 -14.2615
818 -14.2657
819 -14.2699
820 -14.2743
821 -14.2789
822 -14.2835
823 -14.2877
824 -14.2912
825 -14.2939
826 -14.2965
827 -14.2997
828 -14.3039
829 -14.3091
830 -14.3146
831 -14.3197
832 -14.3243
833 -14.3289
834 -14.3341
835 -14.3402
836 -14.347
837 -14.3538
838 -14.36
839 -14.3657
840 -14.3716
841 -14.3785
842 -14.3866
843 -14.395
844 -14.4026
845 -14.4088
846 -14.414
847 -14.4193
848 -14.4261
849 -14.4344
850 -14.4432
851 -14.4508
852 -14.4567
853 -14.4616
854 -14.4671
855 -14.4744
856 -14.4831
857 -14.4914
858 -14.4972
859 -14.5
860 -14.5016
861 -14.5046
862 -14.5101
863 -14.5172
864 -14.523
865 -14.5251
866 -14.5237
867 -14.5213
868 -14.5212
869 -14.5242
870 -14.5284
871 -14.5301
872 -14.5272
873 -14.5211
874 -14.5156
875 -14.514
876 -14.5161
877 -14.5185
878 -14.5166
879 -14.5089
880 -14.4986
881 -14.4912
882 -14.4902
883 -14.4945
884 -14.4979
885 -14.4936
886 -14.4797
887 -14.4624
888 -14.4515
889 -14.4559
890 -14.4844
