0 -9.28393
1 -10.0332
2 -10.7209
3 -11.3204
4 -11.8116
5 -12.1963
6 -12.4957
7 -12.7341
8 -12.9297
9 -13.0945
10 -13.2366
11 -13.3622
12 -13.477
13 -13.586
14 -13.6938
15 -13.8043
16 -13.9207
17 -14.044
18 -14.1698
19 -14.2796
20 -14.3404
21 -14.3405
22 -14.3093
23 -14.2762
24 -14.2536
25 -14.2448
26 -14.2502
27 -14.2697
28 -14.3032
29 -14.3512
30 -14.4142
31 -14.4912
32 -14.5769
33 -14.6518
34 -14.6791
35 -14.6429
36 -14.5735
37 -14.502
38 -14.4407
39 -14.3919
40 -14.3549
41 -14.3281
42 -14.3101
43 -14.2992
44 -14.2941
45 -14.2933
46 -14.295
47 -14.2974
48 -14.2987
49 -14.2972
50 -14.2918
51 -14.2818
52 -14.2678
53 -14.2505
54 -14.2313
55 -14.2113
56 -14.1915
57 -14.1726
58 -14.1551
59 -14.1393
60 -14.125
61 -14.1123
62 -14.1009
63 -14.0905
64 -14.0809
65 -14.0718
66 -14.0627
67 -14.0535
68 -14.044
69 -14.0339
70 -14.0233
71 -14.012
72 -14.0002
73 -13.9879
74 -13.9753
75 -13.9624
76 -13.9494
77 -13.9363
78 -13.9233
79 -13.9104
80 -13.8976
81 -13.885
82 -13.8726
83 -13.8603
84 -13.8482
85 -13.8362
86 -13.8243
87 -13.8124
88 -13.8006
89 -13.7888
90 -13.7771
91 -13.7653
92 -13.7536
93 -13.7418
94 -13.7301
95 -13.7185
96 -13.707
97 -13.6956
98 -13.6844
99 -13.6734
100 -13.6627
101 -13.6522
102 -13.642
103 -13.6322
104 -13.6227
105 -13.6136
106 -13.6049
107 -13.5966
108 -13.5887
109 -13.5811
110 -13.574
111 -13.5673
112 -13.5609
113 -13.5549
114 -13.5492
115 -13.5439
116 -13.5389
117 -13.5341
118 -13.5296
119 -13.5252
120 -13.5211
121 -13.5172
122 -13.5133
123 -13.5096
124 -13.506
125 -13.5023
126 -13.4988
127 -13.4952
128 -13.4915
129 -13.4878
130 -13.4841
131 -13.4802
132 -13.4763
133 -13.4722
134 -13.4679
135 -13.4636
136 -13.4591
137 -13.4545
138 -13.4498
139 -13.4449
140 -13.44
141 -13.435
142 -13.4299
143 -13.4248
144 -13.4198
145 -13.4147
146 -13.4098
147 -13.4049
148 -13.4002
149 -13.3956
150 -13.3912
151 -13.3871
152 -13.3832
153 -13.3797
154 -13.3764
155 -13.3734
156 -13.3709
157 -13.3686
158 -13.3668
159 -13.3653
160 -13.3642
161 -13.3635
162 -13.3632
163 -13.3632
164 -13.3636
165 -13.3643
166 -13.3653
167 -13.3665
168 -13.3679
169 -13.3694
170 -13.3711
171 -13.3727
172 -13.3744
173 -13.3759
174 -13.3773
175 -13.3784
176 -13.3792
177 -13.3798
178 -13.3799
179 -13.3796
180 -13.3789
181 -13.3778
182 -13.3762
183 -13.3742
184 -13.3719
185 -13.3692
186 -13.3663
187 -13.3632
188 -13.3599
189 -13.3567
190 -13.3534
191 -13.3502
192 -13.3472
193 -13.3444
194 -13.3418
195 -13.3397
196 -13.3379
197 -13.3365
198 -13.3356
199 -13.3352
200 -13.3352
201 -13.3357
202 -13.3368
203 -13.3383
204 -13.3403
205 -13.3427
206 -13.3455
207 -13.3488
208 -13.3523
209 -13.3562
210 -13.3602
211 -13.3645
212 -13.3688
213 -13.3732
214 -13.3775
215 -13.3817
216 -13.3857
217 -13.3894
218 -13.3927
219 -13.3957
220 -13.3982
221 -13.4002
222 -13.4016
223 -13.4026
224 -13.403
225 -13.4029
226 -13.4024
227 -13.4015
228 -13.4001
229 -13.3985
230 -13.3967
231 -13.3946
232 -13.3924
233 -13.3902
234 -13.388
235 -13.3858
236 -13.3836
237 -13.3816
238 -13.3798
239 -13.3782
240 -13.3768
241 -13.3757
242 -13.375
243 -13.3745
244 -13.3745
245 -13.3748
246 -13.3756
247 -13.3768
248 -13.3785
249 -13.3807
250 -13.3833
251 -13.3864
252 -13.3901
253 -13.3942
254 -13.3988
255 -13.4039
256 -13.4095
257 -13.4155
258 -13.422
259 -13.4287
260 -13.4358
261 -13.4431
262 -13.4506
263 -13.4581
264 -13.4655
265 -13.4727
266 -13.4796
267 -13.4859
268 -13.4916
269 -13.4965
270 -13.5005
271 -13.5034
272 -13.5053
273 -13.5061
274 -13.5058
275 -13.5044
276 -13.5021
277 -13.4989
278 -13.495
279 -13.4905
280 -13.4856
281 -13.4804
282 -13.4751
283 -13.4698
284 -13.4646
285 -13.4596
286 -13.455
287 -13.4507
288 -13.4469
289 -13.4436
290 -13.4408
291 -13.4386
292 -13.4369
293 -13.4359
294 -13.4354
295 -13.4355
296 -13.4362
297 -13.4374
298 -13.4392
299 -13.4416
300 -13.4444
301 -13.4478
302 -13.4516
303 -13.456
304 -13.4607
305 -13.4659
306 -13.4716
307 -13.4776
308 -13.4841
309 -13.4909
310 -13.4982
311 -13.5058
312 -13.5139
313 -13.5222
314 -13.531
315 -13.5401
316 -13.5495
317 -13.5592
318 -13.5691
319 -13.5792
320 -13.5895
321 -13.5997
322 -13.6099
323 -13.6199
324 -13.6295
325 -13.6387
326 -13.6473
327 -13.6551
328 -13.6619
329 -13.6676
330 -13.672
331 -13.6751
332 -13.6767
333 -13.6768
334 -13.6754
335 -13.6725
336 -13.6683
337 -13.6629
338 -13.6565
339 -13.6491
340 -13.641
341 -13.6324
342 -13.6235
343 -13.6143
344 -13.6051
345 -13.5959
346 -13.5869
347 -13.5782
348 -13.5698
349 -13.5618
350 -13.5543
351 -13.5472
352 -13.5408
353 -13.5349
354 -13.5297
355 -13.5251
356 -13.5212
357 -13.518
358 -13.5154
359 -13.5136
360 -13.5124
361 -13.512
362 -13.5122
363 -13.5131
364 -13.5147
365 -13.517
366 -13.5199
367 -13.5235
368 -13.5277
369 -13.5324
370 -13.5377
371 -13.5436
372 -13.55
373 -13.5568
374 -13.5641
375 -13.5717
376 -13.5798
377 -13.5882
378 -13.5968
379 -13.6058
380 -13.6149
381 -13.6243
382 -13.6339
383 -13.6437
384 -13.6537
385 -13.6638
386 -13.6742
387 -13.6847
388 -13.6955
389 -13.7064
390 -13.7177
391 -13.7292
392 -13.741
393 -13.7531
394 -13.7655
395 -13.7783
396 -13.7913
397 -13.8045
398 -13.8179
399 -13.8314
400 -13.8449
401 -13.8582
402 -13.8712
403 -13.8835
404 -13.895
405 -13.9054
406 -13.9143
407 -13.9214
408 -13.9266
409 -13.9295
410 -13.93
411 -13.9282
412 -13.924
413 -13.9176
414 -13.9093
415 -13.8994
416 -13.888
417 -13.8757
418 -13.8626
419 -13.849
420 -13.8352
421 -13.8214
422 -13.8077
423 -13.7942
424 -13.7812
425 -13.7685
426 -13.7564
427 -13.7448
428 -13.7338
429 -13.7234
430 -13.7136
431 -13.7044
432 -13.6958
433 -13.6878
434 -13.6805
435 -13.6737
436 -13.6675
437 -13.6618
438 -13.6568
439 -13.6522
440 -13.6482
441 -13.6446
442 -13.6416
443 -13.639
444 -13.6368
445 -13.6352
446 -13.6339
447 -13.6331
448 -13.6327
449 -13.6327
450 -13.6331
451 -13.6339
452 -13.635
453 -13.6366
454 -13.6385
455 -13.6407
456 -13.6433
457 -13.6462
458 -13.6494
459 -13.6529
460 -13.6567
461 -13.6608
462 -13.6651
463 -13.6696
464 -13.6744
465 -13.6793
466 -13.6844
467 -13.6897
468 -13.6951
469 -13.7005
470 -13.7061
471 -13.7118
472 -13.7175
473 -13.7233
474 -13.7292
475 -13.735
476 -13.741
477 -13.747
478 -13.7531
479 -13.7594
480 -13.7657
481 -13.7723
482 -13.779
483 -13.786
484 -13.7932
485 -13.8008
486 -13.8088
487 -13.8171
488 -13.8259
489 -13.8353
490 -13.8452
491 -13.8557
492 -13.8669
493 -13.8788
494 -13.8914
495 -13.9048
496 -13.919
497 -13.934
498 -13.95
499 -13.9668
500 -13.9846
501 -14.0032
502 -14.0228
503 -14.0432
504 -14.0644
505 -14.0862
506 -14.1086
507 -14.1312
508 -14.1539
509 -14.1762
510 -14.1977
511 -14.2178
512 -14.2359
513 -14.2515
514 -14.2638
515 -14.2723
516 -14.2769
517 -14.2775
518 -14.2743
519 -14.2677
520 -14.2583
521 -14.2467
522 -14.2333
523 -14.2188
524 -14.2034
525 -14.1878
526 -14.1719
527 -14.1562
528 -14.1407
529 -14.1256
530 -14.1108
531 -14.0964
532 -14.0825
533 -14.0689
534 -14.0558
535 -14.0432
536 -14.031
537 -14.0192
538 -14.008
539 -13.9972
540 -13.9868
541 -13.9769
542 -13.9674
543 -13.9584
544 -13.9497
545 -13.9415
546 -13.9337
547 -13.9262
548 -13.9192
549 -13.9126
550 -13.9063
551 -13.9004
552 -13.8947
553 -13.8894
554 -13.8844
555 -13.8796
556 -13.8752
557 -13.8709
558 -13.867
559 -13.8633
560 -13.8598
561 -13.8566
562 -13.8536
563 -13.8508
564 -13.8482
565 -13.8457
566 -13.8434
567 -13.8413
568 -13.8394
569 -13.8377
570 -13.8362
571 -13.8348
572 -13.8336
573 -13.8323
574 -13.8311
575 -13.8298
576 -13.8285
577 -13.827
578 -13.8256
579 -13.8241
580 -13.8226
581 -13.8212
582 -13.8199
583 -13.8186
584 -13.8173
585 -13.816
586 -13.8147
587 -13.8134
588 -13.812
589 -13.8107
590 -13.8094
591 -13.8081
592 -13.8068
593 -13.8056
594 -13.8044
595 -13.8033
596 -13.8021
597 -13.801
598 -13.7999
599 -13.7989
600 -13.7979
601 -13.7972
602 -13.7968
603 -13.7967
604 -13.7969
605 -13.7975
606 -13.7984
607 -13.7997
608 -13.8013
609 -13.8031
610 -13.8051
611 -13.8074
612 -13.8098
613 -13.8126
614 -13.8156
615 -13.819
616 -13.8227
617 -13.8269
618 -13.8314
619 -13.8364
620 -13.8417
621 -13.8473
622 -13.8533
623 -13.8595
624 -13.866
625 -13.8727
626 -13.8797
627 -13.8869
628 -13.8944
629 -13.902
630 -13.9098
631 -13.9177
632 -13.9257
633 -13.9338
634 -13.9419
635 -13.95
636 -13.9582
637 -13.9664
638 -13.9747
639 -13.9831
640 -13.9917
641 -14.0003
642 -14.0091
643 -14.0178
644 -14.0266
645 -14.0354
646 -14.0442
647 -14.0529
648 -14.0616
649 -14.0703
650 -14.0792
651 -14.0883
652 -14.0976
653 -14.1073
654 -14.1173
655 -14.1277
656 -14.1384
657 -14.1495
658 -14.1609
659 -14.1725
660 -14.1843
661 -14.1965
662 -14.2089
663 -14.2216
664 -14.2347
665 -14.2482
666 -14.2622
667 -14.2765
668 -14.2913
669 -14.3065
670 -14.322
671 -14.3378
672 -14.3538
673 -14.37
674 -14.3863
675 -14.4028
676 -14.4193
677 -14.4358
678 -14.4523
679 -14.4686
680 -14.4846
681 -14.5002
682 -14.5154
683 -14.53
684 -14.544
685 -14.5575
686 -14.5705
687 -14.5828
688 -14.5945
689 -14.6055
690 -14.6158
691 -14.6251
692 -14.6335
693 -14.6409
694 -14.6472
695 -14.6526
696 -14.6571
697 -14.6608
698 -14.6638
699 -14.6662
700 -14.668
701 -14.6691
702 -14.6697
703 -14.6696
704 -14.6687
705 -14.6671
706 -14.6647
707 -14.6616
708 -14.6577
709 -14.6532
710 -14.6479
711 -14.642
712 -14.6353
713 -14.6279
714 -14.6197
715 -14.6108
716 -14.601
717 -14.5903
718 -14.5789
719 -14.5667
720 -14.5537
721 -14.5401
722 -14.5258
723 -14.511
724 -14.4956
725 -14.4798
726 -14.4636
727 -14.4472
728 -14.4305
729 -14.4138
730 -14.3969
731 -14.3801
732 -14.3632
733 -14.3465
734 -14.33
735 -14.3137
736 -14.2976
737 -14.2818
738 -14.2664
739 -14.2513
740 -14.2365
741 -14.2222
742 -14.2082
743 -14.1947
744 -14.1816
745 -14.1691
746 -14.1569
747 -14.1452
748 -14.1339
749 -14.1231
750 -14.1127
751 -14.1028
752 -14.0934
753 -14.0844
754 -14.0759
755 -14.0677
756 -14.0599
757 -14.0526
758 -14.0457
759 -14.0392
760 -14.0332
761 -14.0276
762 -14.0223
763 -14.0174
764 -14.0127
765 -14.0084
766 -14.0043
767 -14.0006
768 -13.9972
769 -13.9941
770 -13.9912
771 -13.9885
772 -13.986
773 -13.9836
774 -13.9815
775 -13.9796
776 -13.9781
777 -13.9767
778 -13.9755
779 -13.9743
780 -13.9728
781 -13.971
782 -13.9691
783 -13.9671
784 -13.9652
785 -13.9636
786 -13.9624
787 -13.9615
788 -13.9608
789 -13.9601
790 -13.9594
791 -13.9586
792 -13.9579
793 -13.9574
794 -13.9574
795 -13.9578
796 -13.9588
797 -13.9601
798 -13.9615
799 -13.9628
800 -13.9636
801 -13.964
802 -13.9639
803 -13.9635
804 -13.963
805 -13.9626
806 -13.9624
807 -13.9625
808 -13.963
809 -13.9636
810 -13.9644
811 -13.9651
812 -13.9659
813 -13.9667
814 -13.9675
815 -13.9685
816 -13.9697
817 -13.9711
818 -13.9728
819 -13.9745
820 -13.9763
821 -13.9779
822 -13.9792
823 -13.9803
824 -13.9811
825 -13.9818
826 -13.9827
827 -13.9838
828 -13.9853
829 -13.9872
830 -13.9895
831 -13.9921
832 -13.9948
833 -13.9976
834 -14.0003
835 -14.003
836 -14.0056
837 -14.0083
838 -14.011
839 -14.0138
840 -14.0168
841 -14.0198
842 -14.0229
843 -14.0259
844 -14.0288
845 -14.0317
846 -14.0345
847 -14.0374
848 -14.0404
849 -14.0436
850 -14.0468
851 -14.0502
852 -14.0536
853 -14.057
854 -14.0603
855 -14.0636
856 -14.0667
857 -14.0697
858 -14.0726
859 -14.0754
860 -14.0781
861 -14.0807
862 -14.0833
863 -14.0857
864 -14.0881
865 -14.0904
866 -14.0925
867 -14.0945
868 -14.0963
869 -14.098
870 -14.0995
871 -14.1009
872 -14.1021
873 -14.1032
874 -14.1041
875 -14.1049
876 -14.1056
877 -14.1061
878 -14.1064
879 -14.1067
880 -14.1068
881 -14.1068
882 -14.1067
883 -14.1066
884 -14.1063
885 -14.106
886 -14.1056
887 -14.1051
888 -14.1046
889 -14.104
890 -14.1034
