0 0
1 -14.9848
2 -28.7394
3 -40.7304
4 -50.5534
5 -58.2482
6 -64.236
7 -69.003
8 -72.9154
9 -76.2115
10 -79.0529
11 -81.5659
12 -83.8618
13 -86.0417
14 -88.1969
15 -90.407
16 -92.7344
17 -95.2017
18 -97.7177
19 -99.9139
20 -101.129
21 -101.131
22 -100.507
23 -99.8448
24 -99.393
25 -99.2173
26 -99.3254
27 -99.7147
28 -100.386
29 -101.346
30 -102.604
31 -104.146
32 -105.86
33 -107.357
34 -107.904
35 -107.18
36 -105.791
37 -104.361
38 -103.135
39 -102.16
40 -101.42
41 -100.884
42 -100.523
43 -100.306
44 -100.204
45 -100.187
46 -100.221
47 -100.27
48 -100.296
49 -100.266
50 -100.157
51 -99.9583
52 -99.6773
53 -99.3323
54 -98.9476
55 -98.5472
56 -98.1511
57 -97.7737
58 -97.4241
59 -97.1065
60 -96.8215
61 -96.5672
62 -96.3392
63 -96.1323
64 -95.9403
65 -95.7567
66 -95.5757
67 -95.3918
68 -95.2007
69 -94.9995
70 -94.7867
71 -94.5618
72 -94.3258
73 -94.0802
74 -93.8273
75 -93.5694
76 -93.3087
77 -93.0472
78 -92.7868
79 -92.5284
80 -92.2731
81 -92.0212
82 -91.7727
83 -91.5275
84 -91.2851
85 -91.0452
86 -90.807
87 -90.5701
88 -90.334
89 -90.0984
90 -89.8629
91 -89.6276
92 -89.3925
93 -89.1579
94 -88.9241
95 -88.6918
96 -88.4615
97 -88.234
98 -88.0099
99 -87.7899
100 -87.5748
101 -87.3653
102 -87.1619
103 -86.9651
104 -86.7756
105 -86.5935
106 -86.4192
107 -86.2528
108 -86.0945
109 -85.9441
110 -85.8016
111 -85.6669
112 -85.5397
113 -85.4196
114 -85.3063
115 -85.1995
116 -85.0985
117 -85.003
118 -84.9124
119 -84.8262
120 -84.7438
121 -84.6646
122 -84.588
123 -84.5135
124 -84.4404
125 -84.3683
126 -84.2965
127 -84.2245
128 -84.1519
129 -84.0782
130 -84.0029
131 -83.9258
132 -83.8464
133 -83.7647
134 -83.6803
135 -83.5933
136 -83.5036
137 -83.4113
138 -83.3166
139 -83.2198
140 -83.121
141 -83.0209
142 -82.9197
143 -82.8181
144 -82.7166
145 -82.6159
146 -82.5165
147 -82.4192
148 -82.3246
149 -82.2334
150 -82.1462
151 -82.0636
152 -81.9862
153 -81.9145
154 -81.849
155 -81.7902
156 -81.7384
157 -81.6939
158 -81.6569
159 -81.6276
160 -81.606
161 -81.592
162 -81.5854
163 -81.586
164 -81.5935
165 -81.6072
166 -81.6265
167 -81.6506
168 -81.6787
169 -81.7097
170 -81.7425
171 -81.7758
172 -81.8085
173 -81.8392
174 -81.8665
175 -81.8893
176 -81.9063
177 -81.9166
178 -81.9193
179 -81.9137
180 -81.8996
181 -81.8767
182 -81.8454
183 -81.8059
184 -81.7592
185 -81.706
186 -81.6476
187 -81.5853
188 -81.5204
189 -81.4544
190 -81.3888
191 -81.3251
192 -81.2646
193 -81.2086
194 -81.1584
195 -81.1149
196 -81.079
197 -81.0517
198 -81.0333
199 -81.0245
200 -81.0254
201 -81.0362
202 -81.0568
203 -81.0871
204 -81.1268
205 -81.1754
206 -81.2323
207 -81.2968
208 -81.3679
209 -81.4448
210 -81.5262
211 -81.6109
212 -81.6977
213 -81.7849
214 -81.8713
215 -81.955
216 -82.0348
217 -82.1089
218 -82.1761
219 -82.2352
220 -82.285
221 -82.3249
222 -82.3543
223 -82.3732
224 -82.3817
225 -82.3802
226 -82.3695
227 -82.3505
228 -82.3242
229 -82.2919
230 -82.2546
231 -82.2137
232 -82.1703
233 -82.1256
234 -82.0806
235 -82.0364
236 -81.9939
237 -81.954
238 -81.9175
239 -81.8851
240 -81.8578
241 -81.8361
242 -81.8206
243 -81.8122
244 -81.8111
245 -81.8182
246 -81.8336
247 -81.858
248 -81.8916
249 -81.9346
250 -81.9875
251 -82.0502
252 -82.1228
253 -82.2055
254 -82.298
255 -82.4002
256 -82.5117
257 -82.632
258 -82.7605
259 -82.8961
260 -83.0379
261 -83.1842
262 -83.3333
263 -83.4832
264 -83.6315
265 -83.7756
266 -83.9125
267 -84.0393
268 -84.1531
269 -84.2511
270 -84.3308
271 -84.3903
272 -84.4281
273 -84.4439
274 -84.4376
275 -84.4104
276 -84.3637
277 -84.3
278 -84.2217
279 -84.132
280 -84.0337
281 -83.9299
282 -83.8235
283 -83.7171
284 -83.6132
285 -83.5138
286 -83.4207
287 -83.3355
288 -83.2593
289 -83.193
290 -83.1375
291 -83.0931
292 -83.0602
293 -83.039
294 -83.0295
295 -83.0316
296 -83.0453
297 -83.0702
298 -83.1062
299 -83.1529
300 -83.21
301 -83.2772
302 -83.3541
303 -83.4404
304 -83.5359
305 -83.6401
306 -83.7528
307 -83.8739
308 -84.0031
309 -84.1403
310 -84.2854
311 -84.4382
312 -84.5986
313 -84.7664
314 -84.9414
315 -85.1232
316 -85.3113
317 -85.5052
318 -85.7038
319 -85.9061
320 -86.1106
321 -86.3156
322 -86.5192
323 -86.7189
324 -86.9121
325 -87.0959
326 -87.2671
327 -87.4224
328 -87.5586
329 -87.6725
330 -87.7612
331 -87.8224
332 -87.8545
333 -87.8565
334 -87.8287
335 -87.772
336 -87.6882
337 -87.58
338 -87.4506
339 -87.3034
340 -87.142
341 -86.97
342 -86.7907
343 -86.6074
344 -86.4228
345 -86.2394
346 -86.0595
347 -85.8847
348 -85.7167
349 -85.557
350 -85.4065
351 -85.2664
352 -85.1373
353 -85.0202
354 -84.9155
355 -84.8237
356 -84.7452
357 -84.6804
358 -84.6294
359 -84.5924
360 -84.5694
361 -84.5604
362 -84.5653
363 -84.584
364 -84.6162
365 -84.6618
366 -84.7203
367 -84.7914
368 -84.8748
369 -84.9699
370 -85.0763
371 -85.1934
372 -85.3206
373 -85.4573
374 -85.6027
375 -85.7562
376 -85.917
377 -86.0845
378 -86.2579
379 -86.4367
380 -86.6203
381 -86.8082
382 -87
383 -87.1957
384 -87.3949
385 -87.5979
386 -87.8046
387 -88.0154
388 -88.2305
389 -88.4503
390 -88.6752
391 -88.9056
392 -89.1417
393 -89.3839
394 -89.6323
395 -89.8866
396 -90.1465
397 -90.4113
398 -90.6797
399 -90.95
400 -91.2198
401 -91.4861
402 -91.7451
403 -91.9922
404 -92.2221
405 -92.429
406 -92.6069
407 -92.7499
408 -92.8525
409 -92.9107
410 -92.9216
411 -92.8846
412 -92.801
413 -92.6738
414 -92.5077
415 -92.3085
416 -92.0822
417 -91.8352
418 -91.5733
419 -91.3021
420 -91.026
421 -90.7493
422 -90.4751
423 -90.2062
424 -89.9445
425 -89.6917
426 -89.4491
427 -89.2174
428 -88.9973
429 -88.7891
430 -88.593
431 -88.4092
432 -88.2376
433 -88.0782
434 -87.9308
435 -87.7951
436 -87.671
437 -87.5582
438 -87.4564
439 -87.3652
440 -87.2844
441 -87.2136
442 -87.1525
443 -87.1008
444 -87.0582
445 -87.0246
446 -86.9997
447 -86.9833
448 -86.9752
449 -86.9752
450 -86.9832
451 -86.9989
452 -87.0222
453 -87.0528
454 -87.0906
455 -87.1354
456 -87.1869
457 -87.2449
458 -87.3091
459 -87.3794
460 -87.4553
461 -87.5365
462 -87.6227
463 -87.7135
464 -87.8085
465 -87.9073
466 -88.0095
467 -88.1147
468 -88.2224
469 -88.3324
470 -88.4441
471 -88.5575
472 -88.6721
473 -88.7878
474 -88.9045
475 -89.0223
476 -89.1413
477 -89.2617
478 -89.384
479 -89.5085
480 -89.6358
481 -89.7665
482 -89.9012
483 -90.0407
484 -90.1859
485 -90.3374
486 -90.4964
487 -90.6637
488 -90.8403
489 -91.0273
490 -91.2255
491 -91.4359
492 -91.6594
493 -91.8969
494 -92.1491
495 -92.4169
496 -92.701
497 -93.002
498 -93.3207
499 -93.6574
500 -94.0124
501 -94.3857
502 -94.7769
503 -95.185
504 -95.6086
505 -96.0455
506 -96.4925
507 -96.9455
508 -97.3987
509 -97.8448
510 -98.2747
511 -98.6774
512 -99.0404
513 -99.3508
514 -99.5965
515 -99.768
516 -99.8599
517 -99.8717
518 -99.8077
519 -99.6763
520 -99.4881
521 -99.2548
522 -98.9875
523 -98.6964
524 -98.3904
525 -98.0764
526 -97.7602
527 -97.4457
528 -97.136
529 -96.8328
530 -96.5372
531 -96.2498
532 -95.9707
533 -95.7002
534 -95.4383
535 -95.1852
536 -94.9412
537 -94.7064
538 -94.4809
539 -94.2647
540 -94.0577
541 -93.8596
542 -93.6701
543 -93.489
544 -93.3161
545 -93.1513
546 -92.9947
547 -92.8461
548 -92.7055
549 -92.5726
550 -92.447
551 -92.3284
552 -92.2162
553 -92.1099
554 -92.0094
555 -91.9142
556 -91.8245
557 -91.7401
558 -91.6611
559 -91.5872
560 -91.5183
561 -91.454
562 -91.3938
563 -91.3375
564 -91.2847
565 -91.2354
566 -91.1898
567 -91.1479
568 -91.11
569 -91.076
570 -91.0456
571 -91.0181
572 -90.9926
573 -90.968
574 -90.9432
575 -90.9175
576 -90.8905
577 -90.8621
578 -90.8329
579 -90.8034
580 -90.7743
581 -90.7461
582 -90.7189
583 -90.6927
584 -90.6671
585 -90.6415
586 -90.6157
587 -90.5892
588 -90.5624
589 -90.5353
590 -90.5085
591 -90.4825
592 -90.4573
593 -90.4331
594 -90.4097
595 -90.3867
596 -90.3639
597 -90.3413
598 -90.3193
599 -90.2985
600 -90.2803
601 -90.266
602 -90.257
603 -90.2544
604 -90.259
605 -90.2709
606 -90.2901
607 -90.3157
608 -90.3469
609 -90.3831
610 -90.4237
611 -90.4685
612 -90.5179
613 -90.5724
614 -90.633
615 -90.7004
616 -90.7755
617 -90.8585
618 -90.9497
619 -91.0487
620 -91.155
621 -91.2679
622 -91.387
623 -91.5116
624 -91.6414
625 -91.7762
626 -91.9158
627 -92.0601
628 -92.2088
629 -92.3614
630 -92.5172
631 -92.6756
632 -92.8358
633 -92.9971
634 -93.1591
635 -93.3216
636 -93.485
637 -93.6496
638 -93.8159
639 -93.9843
640 -94.155
641 -94.3279
642 -94.5025
643 -94.6782
644 -94.8542
645 -95.0297
646 -95.2045
647 -95.3787
648 -95.5527
649 -95.7278
650 -95.9053
651 -96.0867
652 -96.2735
653 -96.4669
654 -96.6674
655 -96.8752
656 -97.09
657 -97.3113
658 -97.5385
659 -97.7708
660 -98.0082
661 -98.2507
662 -98.4989
663 -98.7535
664 -99.0155
665 -99.2857
666 -99.5644
667 -99.8519
668 -100.148
669 -100.451
670 -100.761
671 -101.077
672 -101.398
673 -101.722
674 -102.048
675 -102.377
676 -102.708
677 -103.038
678 -103.367
679 -103.693
680 -104.013
681 -104.325
682 -104.629
683 -104.921
684 -105.202
685 -105.472
686 -105.731
687 -105.977
688 -106.212
689 -106.432
690 -106.637
691 -106.824
692 -106.992
693 -107.139
694 -107.266
695 -107.373
696 -107.463
697 -107.537
698 -107.597
699 -107.645
700 -107.68
701 -107.704
702 -107.715
703 -107.712
704 -107.695
705 -107.663
706 -107.615
707 -107.553
708 -107.476
709 -107.385
710 -107.28
711 -107.161
712 -107.028
713 -106.879
714 -106.716
715 -106.536
716 -106.341
717 -106.128
718 -105.899
719 -105.655
720 -105.395
721 -105.123
722 -104.837
723 -104.541
724 -104.234
725 -103.918
726 -103.594
727 -103.265
728 -102.932
729 -102.597
730 -102.26
731 -101.923
732 -101.586
733 -101.252
734 -100.921
735 -100.594
736 -100.273
737 -99.9584
738 -99.6496
739 -99.3473
740 -99.0521
741 -98.7646
742 -98.4854
743 -98.2153
744 -97.9543
745 -97.7025
746 -97.4595
747 -97.2252
748 -96.9994
749 -96.7827
750 -96.5753
751 -96.3774
752 -96.1891
753 -96.0097
754 -95.8387
755 -95.6756
756 -95.5203
757 -95.3733
758 -95.235
759 -95.1057
760 -94.9853
761 -94.8732
762 -94.7681
763 -94.6692
764 -94.576
765 -94.4886
766 -94.4074
767 -94.3328
768 -94.2648
769 -94.2027
770 -94.1452
771 -94.0913
772 -94.0405
773 -93.9931
774 -93.9504
775 -93.9134
776 -93.8824
777 -93.8562
778 -93.8319
779 -93.8064
780 -93.7768
781 -93.7419
782 -93.7029
783 -93.6629
784 -93.6257
785 -93.5943
786 -93.57
787 -93.5519
788 -93.5376
789 -93.524
790 -93.5093
791 -93.4937
792 -93.4794
793 -93.47
794 -93.4689
795 -93.4782
796 -93.4973
797 -93.5234
798 -93.5516
799 -93.5764
800 -93.5936
801 -93.601
802 -93.5993
803 -93.5912
804 -93.581
805 -93.5726
806 -93.5692
807 -93.5719
808 -93.5804
809 -93.5933
810 -93.6085
811 -93.6243
812 -93.6398
813 -93.6553
814 -93.672
815 -93.6914
816 -93.7151
817 -93.7436
818 -93.7765
819 -93.8118
820 -93.8468
821 -93.8788
822 -93.9056
823 -93.9267
824 -93.9433
825 -93.9582
826 -93.9749
827 -93.9968
828 -94.0266
829 -94.0649
830 -94.1111
831 -94.163
832 -94.218
833 -94.2736
834 -94.3282
835 -94.3814
836 -94.4338
837 -94.4867
838 -94.5413
839 -94.5982
840 -94.6574
841 -94.718
842 -94.7788
843 -94.8389
844 -94.8976
845 -94.9551
846 -95.0123
847 -95.0703
848 -95.1301
849 -95.1925
850 -95.2574
851 -95.3244
852 -95.3926
853 -95.4609
854 -95.528
855 -95.5932
856 -95.6559
857 -95.716
858 -95.7738
859 -95.8296
860 -95.8836
861 -95.9361
862 -95.987
863 -96.0362
864 -96.0836
865 -96.1286
866 -96.1712
867 -96.2109
868 -96.2477
869 -96.2814
870 -96.3121
871 -96.3396
872 -96.364
873 -96.3854
874 -96.4039
875 -96.4196
876 -96.4325
877 -96.4426
878 -96.4501
879 -96.455
880 -96.4577
881 -96.4581
882 -96.4564
883 -96.4526
884 -96.4472
885 -96.4404
886 -96.4325
887 -96.4232
888 -96.4125
889 -96.4007
890 -96.3884
