0 5.20126e-10
1 9.26664e-11
2 1.90224e-11
3 4.78362e-12
4 1.54363e-12
5 6.3621e-13
6 3.19089e-13
7 1.84175e-13
8 1.17294e-13
9 8.01933e-14
10 5.77747e-14
11 4.32251e-14
12 3.31553e-14
13 2.57688e-14
14 2.00802e-14
15 1.55437e-14
16 1.18659e-14
17 8.91054e-15
18 6.65535e-15
19 5.16827e-15
20 4.51171e-15
21 4.53391e-15
22 4.88441e-15
23 5.27302e-15
24 5.55013e-15
25 5.65632e-15
26 5.57788e-15
27 5.32468e-15
28 4.92023e-15
29 4.39761e-15
30 3.79904e-15
31 3.17942e-15
32 2.61564e-15
33 2.21823e-15
34 2.10679e-15
35 2.30389e-15
36 2.70109e-15
37 3.17374e-15
38 3.64203e-15
39 4.06256e-15
40 4.41317e-15
41 4.68448e-15
42 4.87587e-15
43 4.99333e-15
44 5.04826e-15
45 5.05653e-15
46 5.03736e-15
47 5.01192e-15
48 5.00132e-15
49 5.02415e-15
50 5.09379e-15
51 5.21666e-15
52 5.3917e-15
53 5.61164e-15
54 5.86523e-15
55 6.13969e-15
56 6.42269e-15
57 6.7037e-15
58 6.9746e-15
59 7.23004e-15
60 7.46726e-15
61 7.68599e-15
62 7.88797e-15
63 8.07664e-15
64 8.25657e-15
65 8.43305e-15
66 8.61151e-15
67 8.79714e-15
68 8.9944e-15
69 9.20683e-15
70 9.43681e-15
71 9.68556e-15
72 9.9532e-15
73 1.02389e-14
74 1.05413e-14
75 1.08585e-14
76 1.11883e-14
77 1.15289e-14
78 1.18784e-14
79 1.22354e-14
80 1.25989e-14
81 1.29682e-14
82 1.33432e-14
83 1.37241e-14
84 1.41114e-14
85 1.45059e-14
86 1.49086e-14
87 1.53205e-14
88 1.57424e-14
89 1.61752e-14
90 1.66197e-14
91 1.70761e-14
92 1.75445e-14
93 1.80247e-14
94 1.85161e-14
95 1.90176e-14
96 1.95281e-14
97 2.00459e-14
98 2.05691e-14
99 2.10958e-14
100 2.16238e-14
101 2.21508e-14
102 2.26746e-14
103 2.31928e-14
104 2.37035e-14
105 2.42044e-14
106 2.4694e-14
107 2.51704e-14
108 2.56325e-14
109 2.6079e-14
110 2.65093e-14
111 2.69226e-14
112 2.73189e-14
113 2.76982e-14
114 2.80607e-14
115 2.8407e-14
116 2.87379e-14
117 2.90545e-14
118 2.93579e-14
119 2.96495e-14
120 2.99308e-14
121 3.02036e-14
122 3.04696e-14
123 3.07307e-14
124 3.09886e-14
125 3.12455e-14
126 3.15032e-14
127 3.17636e-14
128 3.20285e-14
129 3.22999e-14
130 3.25793e-14
131 3.28683e-14
132 3.31682e-14
133 3.34802e-14
134 3.38053e-14
135 3.4144e-14
136 3.44968e-14
137 3.48636e-14
138 3.52442e-14
139 3.56379e-14
140 3.60437e-14
141 3.64601e-14
142 3.68855e-14
143 3.73178e-14
144 3.77545e-14
145 3.8193e-14
146 3.86304e-14
147 3.90636e-14
148 3.94892e-14
149 3.99039e-14
150 4.03043e-14
151 4.0687e-14
152 4.10487e-14
153 4.13862e-14
154 4.16965e-14
155 4.19769e-14
156 4.22249e-14
157 4.24387e-14
158 4.26165e-14
159 4.27572e-14
160 4.28604e-14
161 4.2926e-14
162 4.29546e-14
163 4.29477e-14
164 4.29073e-14
165 4.28359e-14
166 4.2737e-14
167 4.26147e-14
168 4.24735e-14
169 4.23187e-14
170 4.2156e-14
171 4.19913e-14
172 4.18308e-14
173 4.16809e-14
174 4.15476e-14
175 4.1437e-14
176 4.13543e-14
177 4.13044e-14
178 4.1291e-14
179 4.13173e-14
180 4.1385e-14
181 4.14947e-14
182 4.16459e-14
183 4.18367e-14
184 4.20642e-14
185 4.23242e-14
186 4.26118e-14
187 4.29208e-14
188 4.32447e-14
189 4.35765e-14
190 4.39088e-14
191 4.42341e-14
192 4.4545e-14
193 4.48345e-14
194 4.5096e-14
195 4.53234e-14
196 4.55114e-14
197 4.56555e-14
198 4.57521e-14
199 4.57986e-14
200 4.57934e-14
201 4.57357e-14
202 4.56261e-14
203 4.54657e-14
204 4.52568e-14
205 4.50026e-14
206 4.47068e-14
207 4.43741e-14
208 4.40099e-14
209 4.36198e-14
210 4.32104e-14
211 4.27883e-14
212 4.23607e-14
213 4.19348e-14
214 4.1518e-14
215 4.11173e-14
216 4.07397e-14
217 4.03917e-14
218 4.0079e-14
219 3.98066e-14
220 3.95783e-14
221 3.93968e-14
222 3.92636e-14
223 3.91788e-14
224 3.91415e-14
225 3.91494e-14
226 3.91993e-14
227 3.92872e-14
228 3.94085e-14
229 3.9558e-14
230 3.97306e-14
231 3.99209e-14
232 4.01235e-14
233 4.03334e-14
234 4.05456e-14
235 4.07552e-14
236 4.09579e-14
237 4.11492e-14
238 4.13249e-14
239 4.14812e-14
240 4.16141e-14
241 4.17202e-14
242 4.17959e-14
243 4.18382e-14
244 4.18441e-14
245 4.18113e-14
246 4.17374e-14
247 4.16209e-14
248 4.14603e-14
249 4.12548e-14
250 4.1004e-14
251 4.0708e-14
252 4.03674e-14
253 3.99834e-14
254 3.95575e-14
255 3.90923e-14
256 3.85906e-14
257 3.80562e-14
258 3.74935e-14
259 3.69079e-14
260 3.63057e-14
261 3.56938e-14
262 3.50802e-14
263 3.44736e-14
264 3.38833e-14
265 3.33189e-14
266 3.27904e-14
267 3.23074e-14
268 3.1879e-14
269 3.15136e-14
270 3.1218e-14
271 3.09976e-14
272 3.08557e-14
273 3.07935e-14
274 3.081e-14
275 3.09019e-14
276 3.10642e-14
277 3.12898e-14
278 3.15704e-14
279 3.18967e-14
280 3.22587e-14
281 3.26461e-14
282 3.30486e-14
283 3.34563e-14
284 3.38599e-14
285 3.42506e-14
286 3.46208e-14
287 3.49636e-14
288 3.52732e-14
289 3.55447e-14
290 3.57743e-14
291 3.59589e-14
292 3.60967e-14
293 3.61862e-14
294 3.6227e-14
295 3.62191e-14
296 3.61632e-14
297 3.60603e-14
298 3.59119e-14
299 3.57198e-14
300 3.5486e-14
301 3.52126e-14
302 3.49021e-14
303 3.45566e-14
304 3.41785e-14
305 3.37702e-14
306 3.33336e-14
307 3.28709e-14
308 3.2384e-14
309 3.18747e-14
310 3.13447e-14
311 3.07956e-14
312 3.02293e-14
313 2.96475e-14
314 2.90524e-14
315 2.84462e-14
316 2.78317e-14
317 2.7212e-14
318 2.65906e-14
319 2.59718e-14
320 2.53599e-14
321 2.47601e-14
322 2.41778e-14
323 2.36188e-14
324 2.30892e-14
325 2.25953e-14
326 2.21434e-14
327 2.17398e-14
328 2.13905e-14
329 2.11011e-14
330 2.08762e-14
331 2.07199e-14
332 2.06348e-14
333 2.06223e-14
334 2.06822e-14
335 2.08128e-14
336 2.1011e-14
337 2.12723e-14
338 2.15911e-14
339 2.19609e-14
340 2.23746e-14
341 2.2825e-14
342 2.33044e-14
343 2.38057e-14
344 2.43217e-14
345 2.48456e-14
346 2.53711e-14
347 2.58921e-14
348 2.64029e-14
349 2.68984e-14
350 2.73736e-14
351 2.78239e-14
352 2.8245e-14
353 2.86332e-14
354 2.89848e-14
355 2.92967e-14
356 2.95663e-14
357 2.97912e-14
358 2.99698e-14
359 3.01007e-14
360 3.01832e-14
361 3.02168e-14
362 3.02019e-14
363 3.01389e-14
364 3.00289e-14
365 2.98733e-14
366 2.96739e-14
367 2.94328e-14
368 2.91524e-14
369 2.88355e-14
370 2.84849e-14
371 2.81037e-14
372 2.76954e-14
373 2.72631e-14
374 2.68104e-14
375 2.63407e-14
376 2.58572e-14
377 2.5363e-14
378 2.48611e-14
379 2.43541e-14
380 2.38441e-14
381 2.33329e-14
382 2.28221e-14
383 2.23127e-14
384 2.18052e-14
385 2.13e-14
386 2.07972e-14
387 2.02965e-14
388 1.97976e-14
389 1.93001e-14
390 1.88037e-14
391 1.83081e-14
392 1.78131e-14
393 1.7319e-14
394 1.68262e-14
395 1.63354e-14
396 1.58482e-14
397 1.53664e-14
398 1.48923e-14
399 1.44292e-14
400 1.39807e-14
401 1.35513e-14
402 1.31458e-14
403 1.27699e-14
404 1.24293e-14
405 1.21302e-14
406 1.18786e-14
407 1.16801e-14
408 1.15396e-14
409 1.14609e-14
410 1.14463e-14
411 1.14966e-14
412 1.1611e-14
413 1.17868e-14
414 1.20201e-14
415 1.23057e-14
416 1.26379e-14
417 1.30102e-14
418 1.34163e-14
419 1.38499e-14
420 1.43048e-14
421 1.47752e-14
422 1.52561e-14
423 1.57424e-14
424 1.623e-14
425 1.67148e-14
426 1.71934e-14
427 1.76629e-14
428 1.81204e-14
429 1.85638e-14
430 1.89909e-14
431 1.94001e-14
432 1.97897e-14
433 2.01586e-14
434 2.05056e-14
435 2.083e-14
436 2.11311e-14
437 2.14084e-14
438 2.16618e-14
439 2.1891e-14
440 2.20962e-14
441 2.22774e-14
442 2.24348e-14
443 2.25686e-14
444 2.26792e-14
445 2.27668e-14
446 2.28317e-14
447 2.28744e-14
448 2.2895e-14
449 2.28942e-14
450 2.28724e-14
451 2.28302e-14
452 2.27682e-14
453 2.2687e-14
454 2.25874e-14
455 2.24702e-14
456 2.23363e-14
457 2.21864e-14
458 2.20217e-14
459 2.18432e-14
460 2.1652e-14
461 2.14493e-14
462 2.12363e-14
463 2.10144e-14
464 2.07847e-14
465 2.05486e-14
466 2.03073e-14
467 2.0062e-14
468 1.98138e-14
469 1.95638e-14
470 1.93129e-14
471 1.90619e-14
472 1.88114e-14
473 1.85619e-14
474 1.83136e-14
475 1.80665e-14
476 1.78202e-14
477 1.75744e-14
478 1.73284e-14
479 1.70813e-14
480 1.68324e-14
481 1.65806e-14
482 1.63248e-14
483 1.6064e-14
484 1.57971e-14
485 1.55229e-14
486 1.52404e-14
487 1.49485e-14
488 1.46463e-14
489 1.43329e-14
490 1.40078e-14
491 1.36706e-14
492 1.33212e-14
493 1.29595e-14
494 1.2586e-14
495 1.2201e-14
496 1.18053e-14
497 1.13997e-14
498 1.09854e-14
499 1.05637e-14
500 1.01364e-14
501 9.70547e-15
502 9.27332e-15
503 8.84265e-15
504 8.41653e-15
505 7.9983e-15
506 7.59164e-15
507 7.20052e-15
508 6.82928e-15
509 6.48258e-15
510 6.1654e-15
511 5.88286e-15
512 5.64001e-15
513 5.44141e-15
514 5.29066e-15
515 5.18997e-15
516 5.13975e-15
517 5.13859e-15
518 5.18342e-15
519 5.26992e-15
520 5.39304e-15
521 5.54749e-15
522 5.72806e-15
523 5.92987e-15
524 6.14849e-15
525 6.38003e-15
526 6.62113e-15
527 6.86905e-15
528 7.12159e-15
529 7.37713e-15
530 7.63448e-15
531 7.89281e-15
532 8.15148e-15
533 8.4099e-15
534 8.66745e-15
535 8.92343e-15
536 9.17706e-15
537 9.42758e-15
538 9.67429e-15
539 9.91661e-15
540 1.01541e-14
541 1.03865e-14
542 1.06136e-14
543 1.0835e-14
544 1.10504e-14
545 1.12595e-14
546 1.14617e-14
547 1.16567e-14
548 1.1844e-14
549 1.20236e-14
550 1.21956e-14
551 1.23601e-14
552 1.25176e-14
553 1.26684e-14
554 1.28127e-14
555 1.29505e-14
556 1.30818e-14
557 1.32062e-14
558 1.33237e-14
559 1.34342e-14
560 1.3538e-14
561 1.36355e-14
562 1.37271e-14
563 1.38134e-14
564 1.38947e-14
565 1.39709e-14
566 1.40418e-14
567 1.41069e-14
568 1.4166e-14
569 1.4219e-14
570 1.42664e-14
571 1.43092e-14
572 1.43491e-14
573 1.43877e-14
574 1.44268e-14
575 1.44678e-14
576 1.45113e-14
577 1.45573e-14
578 1.46051e-14
579 1.46537e-14
580 1.47019e-14
581 1.4749e-14
582 1.47946e-14
583 1.48388e-14
584 1.48824e-14
585 1.4926e-14
586 1.49705e-14
587 1.50161e-14
588 1.50628e-14
589 1.511e-14
590 1.51569e-14
591 1.52028e-14
592 1.52472e-14
593 1.529e-14
594 1.53317e-14
595 1.53727e-14
596 1.54136e-14
597 1.54544e-14
598 1.54943e-14
599 1.5532e-14
600 1.55653e-14
601 1.55916e-14
602 1.56083e-14
603 1.56134e-14
604 1.56054e-14
605 1.5584e-14
606 1.55497e-14
607 1.55037e-14
608 1.54477e-14
609 1.5383e-14
610 1.53108e-14
611 1.52313e-14
612 1.51443e-14
613 1.50486e-14
614 1.4943e-14
615 1.48263e-14
616 1.46974e-14
617 1.4556e-14
618 1.44025e-14
619 1.42376e-14
620 1.40625e-14
621 1.38787e-14
622 1.36876e-14
623 1.34903e-14
624 1.32876e-14
625 1.30802e-14
626 1.28686e-14
627 1.26534e-14
628 1.24353e-14
629 1.22153e-14
630 1.19944e-14
631 1.1774e-14
632 1.15553e-14
633 1.1339e-14
634 1.11259e-14
635 1.09159e-14
636 1.07089e-14
637 1.05043e-14
638 1.03015e-14
639 1.01e-14
640 9.89965e-15
641 9.70073e-15
642 9.5038e-15
643 9.30969e-15
644 9.11926e-15
645 8.93318e-15
646 8.75175e-15
647 8.57478e-15
648 8.40157e-15
649 8.23099e-15
650 8.06169e-15
651 7.8923e-15
652 7.72169e-15
653 7.54909e-15
654 7.37423e-15
655 7.19732e-15
656 7.01893e-15
657 6.83984e-15
658 6.66085e-15
659 6.48259e-15
660 6.30544e-15
661 6.12947e-15
662 5.95449e-15
663 5.78018e-15
664 5.6062e-15
665 5.43237e-15
666 5.25871e-15
667 5.08553e-15
668 4.91335e-15
669 4.74287e-15
670 4.57483e-15
671 4.40995e-15
672 4.2488e-15
673 4.09186e-15
674 3.93943e-15
675 3.79179e-15
676 3.6492e-15
677 3.51199e-15
678 3.3806e-15
679 3.25553e-15
680 3.13726e-15
681 3.02616e-15
682 2.92235e-15
683 2.8257e-15
684 2.73586e-15
685 2.65237e-15
686 2.57481e-15
687 2.50289e-15
688 2.43651e-15
689 2.37569e-15
690 2.32053e-15
691 2.2711e-15
692 2.22743e-15
693 2.18948e-15
694 2.1571e-15
695 2.12994e-15
696 2.10746e-15
697 2.0889e-15
698 2.07352e-15
699 2.06082e-15
700 2.0507e-15
701 2.04344e-15
702 2.03944e-15
703 2.03896e-15
704 2.042e-15
705 2.04839e-15
706 2.0581e-15
707 2.07138e-15
708 2.08867e-15
709 2.11026e-15
710 2.13613e-15
711 2.16603e-15
712 2.19987e-15
713 2.23801e-15
714 2.28123e-15
715 2.33037e-15
716 2.38588e-15
717 2.44779e-15
718 2.51596e-15
719 2.59051e-15
720 2.67191e-15
721 2.76066e-15
722 2.85695e-15
723 2.96061e-15
724 3.0713e-15
725 3.18887e-15
726 3.31347e-15
727 3.44533e-15
728 3.58434e-15
729 3.73e-15
730 3.88157e-15
731 4.03851e-15
732 4.20067e-15
733 4.36811e-15
734 4.54077e-15
735 4.71808e-15
736 4.89905e-15
737 5.08259e-15
738 5.26811e-15
739 5.45556e-15
740 5.64522e-15
741 5.83695e-15
742 6.02985e-15
743 6.22244e-15
744 6.41335e-15
745 6.60205e-15
746 6.78892e-15
747 6.97462e-15
748 7.15917e-15
749 7.34155e-15
750 7.52007e-15
751 7.69329e-15
752 7.86082e-15
753 8.02339e-15
754 8.18209e-15
755 8.33734e-15
756 8.48836e-15
757 8.63352e-15
758 8.77122e-15
759 8.90084e-15
760 9.02299e-15
761 9.13896e-15
762 9.24985e-15
763 9.35593e-15
764 9.4566e-15
765 9.55093e-15
766 9.63836e-15
767 9.71905e-15
768 9.79376e-15
769 9.86341e-15
770 9.92866e-15
771 9.98976e-15
772 1.00466e-14
773 1.00989e-14
774 1.0146e-14
775 1.01876e-14
776 1.02234e-14
777 1.02539e-14
778 1.02814e-14
779 1.03094e-14
780 1.03417e-14
781 1.03807e-14
782 1.04261e-14
783 1.04743e-14
784 1.05196e-14
785 1.05572e-14
786 1.05849e-14
787 1.0604e-14
788 1.06188e-14
789 1.06339e-14
790 1.06515e-14
791 1.06708e-14
792 1.06878e-14
793 1.06975e-14
794 1.06958e-14
795 1.06813e-14
796 1.06554e-14
797 1.0622e-14
798 1.05862e-14
799 1.05539e-14
800 1.053e-14
801 1.05175e-14
802 1.05169e-14
803 1.05252e-14
804 1.05374e-14
805 1.05473e-14
806 1.05504e-14
807 1.05447e-14
808 1.05311e-14
809 1.05128e-14
810 1.04929e-14
811 1.04733e-14
812 1.0454e-14
813 1.04337e-14
814 1.04107e-14
815 1.03837e-14
816 1.0352e-14
817 1.03154e-14
818 1.02744e-14
819 1.02302e-14
820 1.01854e-14
821 1.01434e-14
822 1.01077e-14
823 1.008e-14
824 1.00592e-14
825 1.00413e-14
826 1.00207e-14
827 9.99267e-15
828 9.95458e-15
829 9.90671e-15
830 9.85126e-15
831 9.79098e-15
832 9.72813e-15
833 9.66418e-15
834 9.60016e-15
835 9.53695e-15
836 9.47512e-15
837 9.41442e-15
838 9.35361e-15
839 9.29093e-15
840 9.22519e-15
841 9.1568e-15
842 9.08779e-15
843 9.02079e-15
844 8.95739e-15
845 8.89715e-15
846 8.83782e-15
847 8.77678e-15
848 8.71258e-15
849 8.64564e-15
850 8.57755e-15
851 8.50981e-15
852 8.44284e-15
853 8.37612e-15
854 8.30929e-15
855 8.24309e-15
856 8.17941e-15
857 8.12017e-15
858 8.06591e-15
859 8.01532e-15
860 7.96605e-15
861 7.91642e-15
862 7.86664e-15
863 7.81866e-15
864 7.77473e-15
865 7.73567e-15
866 7.70035e-15
867 7.66666e-15
868 7.6333e-15
869 7.60094e-15
870 7.57183e-15
871 7.54806e-15
872 7.52982e-15
873 7.51511e-15
874 7.50121e-15
875 7.48679e-15
876 7.47303e-15
877 7.46274e-15
878 7.4581e-15
879 7.45875e-15
880 7.46182e-15
881 7.46397e-15
882 7.46388e-15
883 7.46339e-15
884 7.46617e-15
885 7.47505e-15
886 7.48963e-15
887 7.50615e-15
888 7.51933e-15
889 7.52484e-15
890 7.5198e-15
