0 -12.4672
1 -12.4712
2 -12.4832
3 -12.503
4 -12.5305
5 -12.5654
6 -12.6073
7 -12.6557
8 -12.7103
9 -12.7704
10 -12.8355
11 -12.9048
12 -12.9773
13 -13.0517
14 -13.1261
15 -13.198
16 -13.2644
17 -13.3221
18 -13.3686
19 -13.403
20 -13.4263
21 -13.4408
22 -13.4494
23 -13.4547
24 -13.4586
25 -13.4629
26 -13.4688
27 -13.4775
28 -13.49
29 -13.5072
30 -13.5298
31 -13.5588
32 -13.5951
33 -13.6399
34 -13.6947
35 -13.7613
36 -13.8415
37 -13.935
38 -14.0328
39 -14.101
40 -14.0938
41 -14.0241
42 -13.9405
43 -13.8668
44 -13.8077
45 -13.7622
46 -13.7283
47 -13.7043
48 -13.6887
49 -13.6809
50 -13.6804
51 -13.6869
52 -13.6999
53 -13.7187
54 -13.7416
55 -13.7662
56 -13.7893
57 -13.8069
58 -13.8156
59 -13.8135
60 -13.8013
61 -13.7816
62 -13.758
63 -13.7338
64 -13.7115
65 -13.6927
66 -13.678
67 -13.6673
68 -13.6601
69 -13.6559
70 -13.654
71 -13.6542
72 -13.6566
73 -13.6612
74 -13.6679
75 -13.6766
76 -13.6864
77 -13.6962
78 -13.7048
79 -13.7107
80 -13.7129
81 -13.711
82 -13.7052
83 -13.6961
84 -13.6849
85 -13.6725
86 -13.6596
87 -13.6469
88 -13.6344
89 -13.6224
90 -13.6108
91 -13.5997
92 -13.5894
93 -13.5801
94 -13.572
95 -13.5651
96 -13.5594
97 -13.5547
98 -13.5509
99 -13.5478
100 -13.5453
101 -13.5434
102 -13.5419
103 -13.5406
104 -13.5392
105 -13.5373
106 -13.5348
107 -13.5316
108 -13.5279
109 -13.524
110 -13.5203
111 -13.5172
112 -13.5146
113 -13.5124
114 -13.5101
115 -13.5072
116 -13.5037
117 -13.4997
118 -13.4958
119 -13.4926
120 -13.4908
121 -13.4904
122 -13.4913
123 -13.4928
124 -13.494
125 -13.4945
126 -13.4942
127 -13.4934
128 -13.493
129 -13.4935
130 -13.4954
131 -13.4982
132 -13.5012
133 -13.5034
134 -13.5042
135 -13.5037
136 -13.5023
137 -13.5008
138 -13.4999
139 -13.4997
140 -13.5
141 -13.5001
142 -13.4992
143 -13.4972
144 -13.4943
145 -13.4909
146 -13.4879
147 -13.4854
148 -13.4836
149 -13.4819
150 -13.4802
151 -13.4781
152 -13.4759
153 -13.4741
154 -13.4729
155 -13.4725
156 -13.4728
157 -13.4734
158 -13.474
159 -13.4744
160 -13.4751
161 -13.4767
162 -13.4797
163 -13.4843
164 -13.4899
165 -13.4958
166 -13.501
167 -13.5053
168 -13.509
169 -13.5131
170 -13.5184
171 -13.5256
172 -13.5341
173 -13.5428
174 -13.5502
175 -13.5551
176 -13.5576
177 -13.5589
178 -13.5604
179 -13.5631
180 -13.5667
181 -13.5701
182 -13.5718
183 -13.5707
184 -13.567
185 -13.562
186 -13.5571
187 -13.5534
188 -13.5509
189 -13.5488
190 -13.5459
191 -13.5419
192 -13.5371
193 -13.5324
194 -13.5289
195 -13.5271
196 -13.5268
197 -13.5272
198 -13.5273
199 -13.5269
200 -13.5265
201 -13.5271
202 -13.5298
203 -13.5348
204 -13.5415
205 -13.5484
206 -13.5544
207 -13.559
208 -13.563
209 -13.5679
210 -13.5751
211 -13.5851
212 -13.5969
213 -13.6085
214 -13.6177
215 -13.6235
216 -13.6268
217 -13.6299
218 -13.6347
219 -13.642
220 -13.6504
221 -13.6573
222 -13.6604
223 -13.6589
224 -13.6546
225 -13.6501
226 -13.6474
227 -13.6466
228 -13.6463
229 -13.6443
230 -13.6392
231 -13.6313
232 -13.6227
233 -13.6156
234 -13.6111
235 -13.6089
236 -13.607
237 -13.6037
238 -13.598
239 -13.5906
240 -13.5838
241 -13.5794
242 -13.5785
243 -13.5802
244 -13.5829
245 -13.5842
246 -13.5831
247 -13.5803
248 -13.5779
249 -13.578
250 -13.5819
251 -13.5893
252 -13.5983
253 -13.6067
254 -13.6127
255 -13.6165
256 -13.6201
257 -13.6261
258 -13.6359
259 -13.6496
260 -13.6653
261 -13.68
262 -13.6915
263 -13.6997
264 -13.7067
265 -13.7158
266 -13.7287
267 -13.7451
268 -13.762
269 -13.7748
270 -13.7806
271 -13.7802
272 -13.7774
273 -13.7766
274 -13.7796
275 -13.785
276 -13.7889
277 -13.7867
278 -13.7769
279 -13.7622
280 -13.7473
281 -13.7361
282 -13.7301
283 -13.7277
284 -13.7258
285 -13.7208
286 -13.7113
287 -13.6989
288 -13.6867
289 -13.6778
290 -13.6736
291 -13.6736
292 -13.6754
293 -13.6761
294 -13.6738
295 -13.6685
296 -13.6624
297 -13.6582
298 -13.6578
299 -13.6616
300 -13.6682
301 -13.6751
302 -13.6798
303 -13.6811
304 -13.6801
305 -13.6791
306 -13.6805
307 -13.6858
308 -13.6949
309 -13.7065
310 -13.718
311 -13.7271
312 -13.7332
313 -13.7369
314 -13.7407
315 -13.7468
316 -13.7566
317 -13.7703
318 -13.7867
319 -13.8039
320 -13.8196
321 -13.8325
322 -13.8429
323 -13.8525
324 -13.8634
325 -13.8774
326 -13.8951
327 -13.9158
328 -13.9373
329 -13.9567
330 -13.9713
331 -13.9802
332 -13.9849
333 -13.9881
334 -13.9926
335 -13.9994
336 -14.0077
337 -14.0144
338 -14.0157
339 -14.0092
340 -13.9953
341 -13.9773
342 -13.959
343 -13.9434
344 -13.9317
345 -13.9233
346 -13.9164
347 -13.9089
348 -13.899
349 -13.8864
350 -13.8717
351 -13.8566
352 -13.8426
353 -13.8309
354 -13.8218
355 -13.8152
356 -13.8108
357 -13.808
358 -13.8061
359 -13.8047
360 -13.8033
361 -13.8014
362 -13.7988
363 -13.7955
364 -13.7919
365 -13.7886
366 -13.7863
367 -13.7858
368 -13.7877
369 -13.792
370 -13.7983
371 -13.8061
372 -13.8142
373 -13.8218
374 -13.8282
375 -13.8332
376 -13.8369
377 -13.84
378 -13.8428
379 -13.8458
380 -13.8494
381 -13.8535
382 -13.8584
383 -13.8643
384 -13.8715
385 -13.8802
386 -13.8908
387 -13.9032
388 -13.917
389 -13.9319
390 -13.9469
391 -13.9614
392 -13.9748
393 -13.987
394 -13.9981
395 -14.0088
396 -14.0196
397 -14.0311
398 -14.0438
399 -14.0577
400 -14.073
401 -14.0896
402 -14.1077
403 -14.1277
404 -14.15
405 -14.1751
406 -14.2034
407 -14.2351
408 -14.2699
409 -14.3066
410 -14.3433
411 -14.377
412 -14.4046
413 -14.4233
414 -14.432
415 -14.4315
416 -14.4235
417 -14.4099
418 -14.392
419 -14.3702
420 -14.3451
421 -14.3172
422 -14.2871
423 -14.2561
424 -14.2251
425 -14.1953
426 -14.1674
427 -14.1418
428 -14.1188
429 -14.0984
430 -14.0806
431 -14.065
432 -14.0515
433 -14.0396
434 -14.0292
435 -14.0198
436 -14.0113
437 -14.0035
438 -13.9962
439 -13.9895
440 -13.9833
441 -13.9777
442 -13.9726
443 -13.9683
444 -13.9646
445 -13.9617
446 -13.9594
447 -13.9579
448 -13.9571
449 -13.9568
450 -13.9572
451 -13.9579
452 -13.9591
453 -13.9605
454 -13.9622
455 -13.9641
456 -13.9662
457 -13.9684
458 -13.9708
459 -13.9734
460 -13.9763
461 -13.9794
462 -13.9828
463 -13.9866
464 -13.9909
465 -13.9956
466 -14.001
467 -14.0069
468 -14.0134
469 -14.0206
470 -14.0284
471 -14.037
472 -14.0463
473 -14.0564
474 -14.0673
475 -14.079
476 -14.0915
477 -14.1049
478 -14.1193
479 -14.1346
480 -14.1509
481 -14.1681
482 -14.1865
483 -14.2058
484 -14.2262
485 -14.2476
486 -14.27
487 -14.2932
488 -14.3173
489 -14.3421
490 -14.3675
491 -14.3934
492 -14.4196
493 -14.4459
494 -14.4721
495 -14.4977
496 -14.5225
497 -14.546
498 -14.5677
499 -14.5871
500 -14.6037
501 -14.6168
502 -14.6257
503 -14.6302
504 -14.6298
505 -14.6246
506 -14.615
507 -14.6014
508 -14.5846
509 -14.5655
510 -14.5446
511 -14.5227
512 -14.5003
513 -14.478
514 -14.4561
515 -14.4349
516 -14.4147
517 -14.3955
518 -14.3774
519 -14.3605
520 -14.3447
521 -14.3302
522 -14.3168
523 -14.3047
524 -14.2938
525 -14.2841
526 -14.2755
527 -14.268
528 -14.2616
529 -14.256
530 -14.2513
531 -14.2474
532 -14.2442
533 -14.2417
534 -14.2398
535 -14.2385
536 -14.2376
537 -14.2372
538 -14.237
539 -14.237
540 -14.2371
541 -14.2373
542 -14.2375
543 -14.2378
544 -14.2381
545 -14.2384
546 -14.2388
547 -14.2392
548 -14.2397
549 -14.2403
550 -14.2409
551 -14.2416
552 -14.2424
553 -14.2436
554 -14.245
555 -14.2469
556 -14.2492
557 -14.2519
558 -14.2551
559 -14.2588
560 -14.263
561 -14.2676
562 -14.2727
563 -14.2783
564 -14.2845
565 -14.2912
566 -14.2984
567 -14.3061
568 -14.3142
569 -14.3225
570 -14.3311
571 -14.3397
572 -14.3482
573 -14.3567
574 -14.3649
575 -14.3729
576 -14.3803
577 -14.3872
578 -14.3934
579 -14.3986
580 -14.4028
581 -14.4058
582 -14.4078
583 -14.4087
584 -14.4086
585 -14.4076
586 -14.4059
587 -14.4033
588 -14.4002
589 -14.3964
590 -14.3921
591 -14.3875
592 -14.3825
593 -14.3775
594 -14.3725
595 -14.3675
596 -14.3628
597 -14.3583
598 -14.354
599 -14.3499
600 -14.346
601 -14.3423
602 -14.3387
603 -14.3354
604 -14.3322
605 -14.3293
606 -14.3266
607 -14.3241
608 -14.3218
609 -14.3196
610 -14.3176
611 -14.3157
612 -14.3138
613 -14.3122
614 -14.3107
615 -14.3094
616 -14.3084
617 -14.3077
618 -14.3074
619 -14.3074
620 -14.3077
621 -14.3084
622 -14.3095
623 -14.3109
624 -14.3129
625 -14.3153
626 -14.3182
627 -14.3217
628 -14.3257
629 -14.3303
630 -14.3355
631 -14.3412
632 -14.3475
633 -14.3542
634 -14.3614
635 -14.3689
636 -14.3769
637 -14.3854
638 -14.3943
639 -14.4037
640 -14.4136
641 -14.4241
642 -14.4351
643 -14.4467
644 -14.4589
645 -14.4715
646 -14.4847
647 -14.4982
648 -14.5123
649 -14.5267
650 -14.5415
651 -14.5568
652 -14.5725
653 -14.5886
654 -14.6051
655 -14.622
656 -14.6394
657 -14.657
658 -14.675
659 -14.6933
660 -14.7118
661 -14.7306
662 -14.7497
663 -14.7691
664 -14.7888
665 -14.809
666 -14.8295
667 -14.8503
668 -14.8714
669 -14.8926
670 -14.9137
671 -14.9345
672 -14.9545
673 -14.9733
674 -14.9904
675 -15.0054
676 -15.0179
677 -15.0274
678 -15.0336
679 -15.0362
680 -15.035
681 -15.03
682 -15.0213
683 -15.0094
684 -14.9946
685 -14.9775
686 -14.9587
687 -14.9385
688 -14.9174
689 -14.896
690 -14.8746
691 -14.8534
692 -14.8326
693 -14.8124
694 -14.7928
695 -14.7738
696 -14.7556
697 -14.7381
698 -14.7213
699 -14.7052
700 -14.6897
701 -14.6749
702 -14.6607
703 -14.6472
704 -14.6344
705 -14.6222
706 -14.6106
707 -14.5996
708 -14.5891
709 -14.5792
710 -14.5697
711 -14.5607
712 -14.5522
713 -14.5442
714 -14.5366
715 -14.5293
716 -14.5224
717 -14.5157
718 -14.5094
719 -14.5033
720 -14.4976
721 -14.4923
722 -14.4873
723 -14.4826
724 -14.4783
725 -14.4744
726 -14.4708
727 -14.4675
728 -14.4643
729 -14.4614
730 -14.4587
731 -14.4563
732 -14.4542
733 -14.4525
734 -14.4511
735 -14.4499
736 -14.4488
737 -14.4479
738 -14.4472
739 -14.4467
740 -14.4464
741 -14.4463
742 -14.4465
743 -14.4468
744 -14.4473
745 -14.4481
746 -14.4492
747 -14.4506
748 -14.4521
749 -14.4538
750 -14.4556
751 -14.4575
752 -14.4598
753 -14.4623
754 -14.4652
755 -14.4682
756 -14.4714
757 -14.4748
758 -14.4783
759 -14.4821
760 -14.4862
761 -14.4904
762 -14.4948
763 -14.4992
764 -14.5038
765 -14.5087
766 -14.5141
767 -14.5199
768 -14.5259
769 -14.5318
770 -14.5375
771 -14.5432
772 -14.5492
773 -14.5557
774 -14.5631
775 -14.5712
776 -14.5796
777 -14.588
778 -14.5962
779 -14.604
780 -14.6117
781 -14.6192
782 -14.6267
783 -14.634
784 -14.641
785 -14.6477
786 -14.6538
787 -14.6593
788 -14.6639
789 -14.6672
790 -14.6692
791 -14.67
792 -14.6701
793 -14.6703
794 -14.6709
795 -14.6719
796 -14.6728
797 -14.6732
798 -14.6727
799 -14.6714
800 -14.6697
801 -14.6679
802 -14.6659
803 -14.6635
804 -14.6606
805 -14.6573
806 -14.6538
807 -14.6506
808 -14.6479
809 -14.6455
810 -14.6427
811 -14.6394
812 -14.6356
813 -14.6319
814 -14.6291
815 -14.6277
816 -14.6278
817 -14.6288
818 -14.6302
819 -14.6318
820 -14.6333
821 -14.635
822 -14.6369
823 -14.6389
824 -14.6407
825 -14.6424
826 -14.6442
827 -14.6465
828 -14.6499
829 -14.6542
830 -14.6591
831 -14.6639
832 -14.6684
833 -14.6728
834 -14.6776
835 -14.6836
836 -14.6907
837 -14.6987
838 -14.7069
839 -14.7148
840 -14.7229
841 -14.7316
842 -14.7416
843 -14.7525
844 -14.7633
845 -14.773
846 -14.7811
847 -14.7886
848 -14.797
849 -14.8073
850 -14.8191
851 -14.831
852 -14.8409
853 -14.8483
854 -14.8546
855 -14.8617
856 -14.8709
857 -14.8812
858 -14.89
859 -14.8948
860 -14.8959
861 -14.896
862 -14.8981
863 -14.903
864 -14.9084
865 -14.9104
866 -14.907
867 -14.9
868 -14.894
869 -14.8924
870 -14.8945
871 -14.8959
872 -14.8914
873 -14.8799
874 -14.8665
875 -14.8576
876 -14.8566
877 -14.8604
878 -14.8609
879 -14.851
880 -14.8324
881 -14.8153
882 -14.8099
883 -14.8195
884 -14.8364
885 -14.8405
886 -14.8151
887 -14.7717
888 -14.7399
889 -14.749
890 -14.8498
