0 1.8179e-13
1 1.81021e-13
2 1.78828e-13
3 1.75266e-13
4 1.7042e-13
5 1.64404e-13
6 1.57359e-13
7 1.49444e-13
8 1.40841e-13
9 1.31745e-13
10 1.22369e-13
11 1.12942e-13
12 1.03707e-13
13 9.49174e-14
14 8.68183e-14
15 7.96277e-14
16 7.3504e-14
17 6.85138e-14
18 6.46122e-14
19 6.16443e-14
20 5.93738e-14
21 5.75257e-14
22 5.58286e-14
23 5.40439e-14
24 5.19828e-14
25 4.9512e-14
26 4.65548e-14
27 4.30875e-14
28 3.91337e-14
29 3.47561e-14
30 3.00473e-14
31 2.51215e-14
32 2.01097e-14
33 1.51649e-14
34 1.0494e-14
35 6.51614e-15
36 4.53091e-15
37 5.90303e-15
38 8.61472e-15
39 1.12756e-14
40 1.35313e-14
41 1.52781e-14
42 1.64856e-14
43 1.71534e-14
44 1.72977e-14
45 1.69478e-14
46 1.61471e-14
47 1.49556e-14
48 1.34504e-14
49 1.17246e-14
50 9.88356e-15
51 8.04492e-15
52 6.35082e-15
53 5.00311e-15
54 4.28875e-15
55 4.39946e-15
56 5.13506e-15
57 6.12192e-15
58 7.10198e-15
59 7.93599e-15
60 8.55495e-15
61 8.93552e-15
62 9.08746e-15
63 9.04202e-15
64 8.83886e-15
65 8.51381e-15
66 8.09172e-15
67 7.58748e-15
68 7.01393e-15
69 6.39193e-15
70 5.75708e-15
71 5.15977e-15
72 4.65716e-15
73 4.29871e-15
74 4.11022e-15
75 4.08644e-15
76 4.1978e-15
77 4.40343e-15
78 4.6596e-15
79 4.92294e-15
80 5.15389e-15
81 5.32211e-15
82 5.41224e-15
83 5.42694e-15
84 5.38592e-15
85 5.32055e-15
86 5.26544e-15
87 5.24952e-15
88 5.28966e-15
89 5.38903e-15
90 5.53981e-15
91 5.72819e-15
92 5.93954e-15
93 6.16302e-15
94 6.39475e-15
95 6.63874e-15
96 6.90453e-15
97 7.20167e-15
98 7.53339e-15
99 7.89289e-15
100 8.26461e-15
101 8.62986e-15
102 8.97391e-15
103 9.29133e-15
104 9.58731e-15
105 9.8748e-15
106 1.01687e-14
107 1.04797e-14
108 1.08107e-14
109 1.11575e-14
110 1.15127e-14
111 1.18709e-14
112 1.22328e-14
113 1.26043e-14
114 1.29938e-14
115 1.34057e-14
116 1.3836e-14
117 1.4272e-14
118 1.46964e-14
119 1.50953e-14
120 1.54645e-14
121 1.58133e-14
122 1.61598e-14
123 1.65222e-14
124 1.69078e-14
125 1.73061e-14
126 1.76919e-14
127 1.80355e-14
128 1.83168e-14
129 1.85366e-14
130 1.87184e-14
131 1.89001e-14
132 1.9117e-14
133 1.93846e-14
134 1.96899e-14
135 1.99978e-14
136 2.02677e-14
137 2.04747e-14
138 2.06221e-14
139 2.07427e-14
140 2.08844e-14
141 2.10883e-14
142 2.13681e-14
143 2.17029e-14
144 2.20474e-14
145 2.23553e-14
146 2.26012e-14
147 2.2793e-14
148 2.29672e-14
149 2.31711e-14
150 2.3438e-14
151 2.37692e-14
152 2.41336e-14
153 2.44837e-14
154 2.47797e-14
155 2.50081e-14
156 2.51867e-14
157 2.53526e-14
158 2.55416e-14
159 2.57674e-14
160 2.60152e-14
161 2.62502e-14
162 2.64383e-14
163 2.65645e-14
164 2.66399e-14
165 2.66941e-14
166 2.67564e-14
167 2.68379e-14
168 2.69252e-14
169 2.69896e-14
170 2.70067e-14
171 2.69734e-14
172 2.69126e-14
173 2.68617e-14
174 2.68508e-14
175 2.68838e-14
176 2.69347e-14
177 2.69633e-14
178 2.69409e-14
179 2.68706e-14
180 2.67903e-14
181 2.67545e-14
182 2.68039e-14
183 2.694e-14
184 2.71226e-14
185 2.72917e-14
186 2.74018e-14
187 2.74485e-14
188 2.74717e-14
189 2.75343e-14
190 2.76853e-14
191 2.79288e-14
192 2.82197e-14
193 2.84875e-14
194 2.86755e-14
195 2.87701e-14
196 2.88066e-14
197 2.88479e-14
198 2.89462e-14
199 2.91113e-14
200 2.93035e-14
201 2.94575e-14
202 2.95195e-14
203 2.94782e-14
204 2.93698e-14
205 2.92565e-14
206 2.91896e-14
207 2.91779e-14
208 2.91833e-14
209 2.91459e-14
210 2.90217e-14
211 2.88117e-14
212 2.85628e-14
213 2.83422e-14
214 2.8197e-14
215 2.81248e-14
216 2.80758e-14
217 2.79858e-14
218 2.7818e-14
219 2.75889e-14
220 2.73625e-14
221 2.72139e-14
222 2.71829e-14
223 2.72474e-14
224 2.73359e-14
225 2.73718e-14
226 2.732e-14
227 2.7209e-14
228 2.71157e-14
229 2.71193e-14
230 2.72515e-14
231 2.74742e-14
232 2.7702e-14
233 2.78535e-14
234 2.78988e-14
235 2.78759e-14
236 2.78677e-14
237 2.79517e-14
238 2.81505e-14
239 2.84161e-14
240 2.86588e-14
241 2.88007e-14
242 2.88203e-14
243 2.87631e-14
244 2.87141e-14
245 2.87454e-14
246 2.88702e-14
247 2.90323e-14
248 2.91397e-14
249 2.91189e-14
250 2.89566e-14
251 2.87073e-14
252 2.84618e-14
253 2.82933e-14
254 2.82114e-14
255 2.81551e-14
256 2.8029e-14
257 2.77607e-14
258 2.73424e-14
259 2.68378e-14
260 2.63484e-14
261 2.59559e-14
262 2.5674e-14
263 2.54402e-14
264 2.5157e-14
265 2.47528e-14
266 2.42268e-14
267 2.36541e-14
268 2.3148e-14
269 2.27956e-14
270 2.26057e-14
271 2.25051e-14
272 2.23877e-14
273 2.21825e-14
274 2.18968e-14
275 2.16149e-14
276 2.14497e-14
277 2.14739e-14
278 2.16713e-14
279 2.19463e-14
280 2.21824e-14
281 2.23089e-14
282 2.23363e-14
283 2.23466e-14
284 2.24438e-14
285 2.26896e-14
286 2.30628e-14
287 2.3471e-14
288 2.38041e-14
289 2.3992e-14
290 2.40383e-14
291 2.40141e-14
292 2.40185e-14
293 2.4123e-14
294 2.43307e-14
295 2.45761e-14
296 2.47636e-14
297 2.48189e-14
298 2.47252e-14
299 2.45285e-14
300 2.43131e-14
301 2.41579e-14
302 2.4095e-14
303 2.40955e-14
304 2.40877e-14
305 2.39971e-14
306 2.37833e-14
307 2.34571e-14
308 2.30724e-14
309 2.26991e-14
310 2.23891e-14
311 2.21522e-14
312 2.19543e-14
313 2.17373e-14
314 2.14485e-14
315 2.1063e-14
316 2.0592e-14
317 2.00753e-14
318 1.95636e-14
319 1.90976e-14
320 1.86928e-14
321 1.83359e-14
322 1.7993e-14
323 1.76254e-14
324 1.72048e-14
325 1.67235e-14
326 1.61982e-14
327 1.5666e-14
328 1.51738e-14
329 1.47631e-14
330 1.44539e-14
331 1.42359e-14
332 1.40726e-14
333 1.39176e-14
334 1.37362e-14
335 1.35233e-14
336 1.331e-14
337 1.3155e-14
338 1.31212e-14
339 1.32447e-14
340 1.35144e-14
341 1.38752e-14
342 1.42533e-14
343 1.4588e-14
344 1.48542e-14
345 1.507e-14
346 1.52874e-14
347 1.55685e-14
348 1.59568e-14
349 1.64554e-14
350 1.70248e-14
351 1.75987e-14
352 1.81105e-14
353 1.85147e-14
354 1.87993e-14
355 1.8987e-14
356 1.91253e-14
357 1.92689e-14
358 1.94607e-14
359 1.97166e-14
360 2.00208e-14
361 2.03331e-14
362 2.06032e-14
363 2.07865e-14
364 2.08553e-14
365 2.08049e-14
366 2.06532e-14
367 2.04359e-14
368 2.01972e-14
369 1.99795e-14
370 1.98126e-14
371 1.97073e-14
372 1.96527e-14
373 1.9621e-14
374 1.95749e-14
375 1.94781e-14
376 1.9303e-14
377 1.90371e-14
378 1.86851e-14
379 1.8268e-14
380 1.78192e-14
381 1.73775e-14
382 1.69789e-14
383 1.66483e-14
384 1.63936e-14
385 1.62047e-14
386 1.60567e-14
387 1.59168e-14
388 1.57519e-14
389 1.55353e-14
390 1.52499e-14
391 1.489e-14
392 1.44597e-14
393 1.39718e-14
394 1.34437e-14
395 1.28954e-14
396 1.23464e-14
397 1.18138e-14
398 1.13105e-14
399 1.08446e-14
400 1.04191e-14
401 1.00319e-14
402 9.67651e-15
403 9.34283e-15
404 9.01848e-15
405 8.6903e-15
406 8.34611e-15
407 7.97661e-15
408 7.57723e-15
409 7.14992e-15
410 6.70481e-15
411 6.26161e-15
412 5.8503e-15
413 5.51007e-15
414 5.28427e-15
415 5.21007e-15
416 5.30524e-15
417 5.56092e-15
418 5.94638e-15
419 6.42137e-15
420 6.94706e-15
421 7.49172e-15
422 8.03212e-15
423 8.55301e-15
424 9.0457e-15
425 9.50671e-15
426 9.9363e-15
427 1.03373e-14
428 1.07137e-14
429 1.10702e-14
430 1.14109e-14
431 1.17389e-14
432 1.20565e-14
433 1.23643e-14
434 1.26621e-14
435 1.2949e-14
436 1.32232e-14
437 1.3483e-14
438 1.37269e-14
439 1.39536e-14
440 1.41621e-14
441 1.43522e-14
442 1.45237e-14
443 1.46773e-14
444 1.48135e-14
445 1.49335e-14
446 1.50382e-14
447 1.51286e-14
448 1.52059e-14
449 1.52711e-14
450 1.53249e-14
451 1.53685e-14
452 1.54025e-14
453 1.54279e-14
454 1.54452e-14
455 1.54554e-14
456 1.54588e-14
457 1.54561e-14
458 1.54477e-14
459 1.54338e-14
460 1.54145e-14
461 1.53897e-14
462 1.53591e-14
463 1.5322e-14
464 1.52776e-14
465 1.5225e-14
466 1.5163e-14
467 1.50903e-14
468 1.50059e-14
469 1.49085e-14
470 1.47973e-14
471 1.46713e-14
472 1.45302e-14
473 1.43733e-14
474 1.42006e-14
475 1.40119e-14
476 1.38073e-14
477 1.35873e-14
478 1.33521e-14
479 1.31025e-14
480 1.28391e-14
481 1.25628e-14
482 1.22743e-14
483 1.19744e-14
484 1.16638e-14
485 1.13429e-14
486 1.10124e-14
487 1.06726e-14
488 1.0324e-14
489 9.96702e-15
490 9.6021e-15
491 9.22965e-15
492 8.85004e-15
493 8.46363e-15
494 8.07075e-15
495 7.67177e-15
496 7.2671e-15
497 6.85726e-15
498 6.44284e-15
499 6.02451e-15
500 5.60299e-15
501 5.17902e-15
502 4.75331e-15
503 4.32662e-15
504 3.89975e-15
505 3.47359e-15
506 3.04913e-15
507 2.62752e-15
508 2.21002e-15
509 1.79813e-15
510 1.39385e-15
511 1.00092e-15
512 6.30278e-16
513 3.38464e-16
514 3.71824e-16
515 6.72222e-16
516 1.01878e-15
517 1.37027e-15
518 1.71792e-15
519 2.05875e-15
520 2.3914e-15
521 2.71525e-15
522 3.03001e-15
523 3.33557e-15
524 3.6318e-15
525 3.91855e-15
526 4.19558e-15
527 4.46263e-15
528 4.71952e-15
529 4.96618e-15
530 5.20271e-15
531 5.42934e-15
532 5.64636e-15
533 5.85402e-15
534 6.05239e-15
535 6.24138e-15
536 6.42069e-15
537 6.58996e-15
538 6.74885e-15
539 6.89716e-15
540 7.03492e-15
541 7.1624e-15
542 7.28e-15
543 7.38823e-15
544 7.48757e-15
545 7.57837e-15
546 7.66088e-15
547 7.73526e-15
548 7.80161e-15
549 7.8601e-15
550 7.91097e-15
551 7.95463e-15
552 7.99154e-15
553 8.02223e-15
554 8.04721e-15
555 8.06688e-15
556 8.08157e-15
557 8.0915e-15
558 8.09684e-15
559 8.09779e-15
560 8.09463e-15
561 8.08775e-15
562 8.07762e-15
563 8.06483e-15
564 8.04999e-15
565 8.03369e-15
566 8.01647e-15
567 7.99879e-15
568 7.98104e-15
569 7.96358e-15
570 7.94679e-15
571 7.93114e-15
572 7.91717e-15
573 7.90549e-15
574 7.89673e-15
575 7.89145e-15
576 7.89011e-15
577 7.89295e-15
578 7.89999e-15
579 7.91105e-15
580 7.92582e-15
581 7.94401e-15
582 7.96543e-15
583 7.99006e-15
584 8.01807e-15
585 8.04971e-15
586 8.08523e-15
587 8.12476e-15
588 8.16818e-15
589 8.21514e-15
590 8.26512e-15
591 8.31752e-15
592 8.37187e-15
593 8.42787e-15
594 8.48547e-15
595 8.54478e-15
596 8.60585e-15
597 8.66857e-15
598 8.73238e-15
599 8.79622e-15
600 8.85852e-15
601 8.91733e-15
602 8.97059e-15
603 9.01642e-15
604 9.05339e-15
605 9.08068e-15
606 9.09812e-15
607 9.10612e-15
608 9.10538e-15
609 9.09669e-15
610 9.08057e-15
611 9.05715e-15
612 9.02608e-15
613 8.98661e-15
614 8.9378e-15
615 8.87873e-15
616 8.80876e-15
617 8.72757e-15
618 8.63525e-15
619 8.53218e-15
620 8.41894e-15
621 8.29614e-15
622 8.16433e-15
623 8.02389e-15
624 7.87506e-15
625 7.71796e-15
626 7.55269e-15
627 7.37951e-15
628 7.19888e-15
629 7.01163e-15
630 6.81891e-15
631 6.62207e-15
632 6.42258e-15
633 6.22177e-15
634 6.02071e-15
635 5.8201e-15
636 5.62027e-15
637 5.42118e-15
638 5.22261e-15
639 5.02424e-15
640 4.8259e-15
641 4.62761e-15
642 4.42974e-15
643 4.23299e-15
644 4.03833e-15
645 3.84695e-15
646 3.66e-15
647 3.4785e-15
648 3.30318e-15
649 3.13439e-15
650 2.9722e-15
651 2.81641e-15
652 2.66668e-15
653 2.52269e-15
654 2.38417e-15
655 2.251e-15
656 2.12322e-15
657 2.00099e-15
658 1.88454e-15
659 1.77417e-15
660 1.6701e-15
661 1.57254e-15
662 1.4816e-15
663 1.39735e-15
664 1.31978e-15
665 1.2489e-15
666 1.18471e-15
667 1.1272e-15
668 1.0764e-15
669 1.03235e-15
670 9.95087e-16
671 9.64626e-16
672 9.4093e-16
673 9.23874e-16
674 9.13214e-16
675 9.08565e-16
676 9.09395e-16
677 9.15051e-16
678 9.24802e-16
679 9.37918e-16
680 9.53756e-16
681 9.71841e-16
682 9.91921e-16
683 1.01397e-15
684 1.03812e-15
685 1.06455e-15
686 1.09332e-15
687 1.12431e-15
688 1.15724e-15
689 1.19172e-15
690 1.22749e-15
691 1.26452e-15
692 1.30302e-15
693 1.34337e-15
694 1.38584e-15
695 1.43045e-15
696 1.47692e-15
697 1.52488e-15
698 1.57416e-15
699 1.62497e-15
700 1.67793e-15
701 1.73367e-15
702 1.79244e-15
703 1.85393e-15
704 1.91744e-15
705 1.98238e-15
706 2.04872e-15
707 2.11693e-15
708 2.18766e-15
709 2.26105e-15
710 2.33658e-15
711 2.41329e-15
712 2.49049e-15
713 2.5682e-15
714 2.64715e-15
715 2.72812e-15
716 2.81132e-15
717 2.89619e-15
718 2.98179e-15
719 3.06747e-15
720 3.15325e-15
721 3.23951e-15
722 3.32647e-15
723 3.41386e-15
724 3.50113e-15
725 3.58798e-15
726 3.67471e-15
727 3.76193e-15
728 3.84993e-15
729 3.93823e-15
730 4.0258e-15
731 4.11174e-15
732 4.19609e-15
733 4.27984e-15
734 4.36416e-15
735 4.44937e-15
736 4.53438e-15
737 4.61721e-15
738 4.69639e-15
739 4.77204e-15
740 4.84589e-15
741 4.91998e-15
742 4.99492e-15
743 5.0691e-15
744 5.13968e-15
745 5.20459e-15
746 5.26404e-15
747 5.32034e-15
748 5.37608e-15
749 5.43203e-15
750 5.48652e-15
751 5.53667e-15
752 5.58055e-15
753 5.61858e-15
754 5.65312e-15
755 5.68654e-15
756 5.71929e-15
757 5.7494e-15
758 5.77378e-15
759 5.79039e-15
760 5.79957e-15
761 5.80375e-15
762 5.80561e-15
763 5.80624e-15
764 5.80458e-15
765 5.79851e-15
766 5.78679e-15
767 5.7702e-15
768 5.751e-15
769 5.73125e-15
770 5.71114e-15
771 5.68884e-15
772 5.66207e-15
773 5.63e-15
774 5.5941e-15
775 5.55721e-15
776 5.52144e-15
777 5.48672e-15
778 5.45111e-15
779 5.41284e-15
780 5.37237e-15
781 5.33289e-15
782 5.29847e-15
783 5.27105e-15
784 5.24854e-15
785 5.22576e-15
786 5.19779e-15
787 5.16343e-15
788 5.12633e-15
789 5.09288e-15
790 5.0679e-15
791 5.05125e-15
792 5.0375e-15
793 5.0191e-15
794 4.99066e-15
795 4.95161e-15
796 4.9058e-15
797 4.85857e-15
798 4.81366e-15
799 4.77215e-15
800 4.73378e-15
801 4.69923e-15
802 4.67096e-15
803 4.65155e-15
804 4.64087e-15
805 4.63459e-15
806 4.62571e-15
807 4.6086e-15
808 4.5825e-15
809 4.55211e-15
810 4.52444e-15
811 4.50383e-15
812 4.48879e-15
813 4.47278e-15
814 4.4484e-15
815 4.4119e-15
816 4.36469e-15
817 4.31146e-15
818 4.25628e-15
819 4.20011e-15
820 4.14133e-15
821 4.07893e-15
822 4.01517e-15
823 3.95531e-15
824 3.90417e-15
825 3.86185e-15
826 3.82254e-15
827 3.77762e-15
828 3.72107e-15
829 3.65324e-15
830 3.58036e-15
831 3.50996e-15
832 3.44538e-15
833 3.3837e-15
834 3.31842e-15
835 3.24503e-15
836 3.16472e-15
837 3.0836e-15
838 3.00783e-15
839 2.93846e-15
840 2.87051e-15
841 2.79722e-15
842 2.71619e-15
843 2.63241e-15
844 2.55541e-15
845 2.49223e-15
846 2.44159e-15
847 2.39447e-15
848 2.34117e-15
849 2.27889e-15
850 2.21413e-15
851 2.15778e-15
852 2.11633e-15
853 2.08627e-15
854 2.05713e-15
855 2.02069e-15
856 1.97851e-15
857 1.9417e-15
858 1.92232e-15
859 1.92272e-15
860 1.93252e-15
861 1.93676e-15
862 1.92793e-15
863 1.9123e-15
864 1.90563e-15
865 1.92055e-15
866 1.95509e-15
867 1.99351e-15
868 2.01893e-15
869 2.02643e-15
870 2.02709e-15
871 2.03985e-15
872 2.07598e-15
873 2.12859e-15
874 2.17782e-15
875 2.2067e-15
876 2.21446e-15
877 2.21788e-15
878 2.23886e-15
879 2.28557e-15
880 2.34348e-15
881 2.38598e-15
882 2.3953e-15
883 2.37787e-15
884 2.36417e-15
885 2.3891e-15
886 2.46199e-15
887 2.55263e-15
888 2.6071e-15
889 2.57248e-15
890 2.40251e-15
