0 -12.4857
1 -12.4895
2 -12.5006
3 -12.5191
4 -12.5445
5 -12.5766
6 -12.6151
7 -12.6594
8 -12.709
9 -12.7633
10 -12.8215
11 -12.8827
12 -12.9459
13 -13.0098
14 -13.0728
15 -13.1335
16 -13.1904
17 -13.2426
18 -13.2894
19 -13.331
20 -13.3678
21 -13.4005
22 -13.4301
23 -13.4573
24 -13.4828
25 -13.5075
26 -13.5323
27 -13.5581
28 -13.5862
29 -13.6179
30 -13.6547
31 -13.6987
32 -13.7521
33 -13.818
34 -13.9011
35 -14.0085
36 -14.1537
37 -14.366
38 -14.6967
39 -14.6734
40 -14.3774
41 -14.1971
42 -14.0791
43 -13.9967
44 -13.9382
45 -13.8976
46 -13.872
47 -13.8596
48 -13.8592
49 -13.8701
50 -13.8917
51 -13.9232
52 -13.9639
53 -14.0132
54 -14.07
55 -14.1319
56 -14.1926
57 -14.2395
58 -14.2568
59 -14.2398
60 -14.2009
61 -14.1562
62 -14.1157
63 -14.0827
64 -14.0576
65 -14.0398
66 -14.0285
67 -14.0238
68 -14.0262
69 -14.0366
70 -14.0562
71 -14.0858
72 -14.1257
73 -14.1758
74 -14.2355
75 -14.3037
76 -14.3789
77 -14.4577
78 -14.5311
79 -14.5803
80 -14.5848
81 -14.5476
82 -14.4926
83 -14.4388
84 -14.3937
85 -14.3586
86 -14.3321
87 -14.3123
88 -14.298
89 -14.2889
90 -14.2853
91 -14.2877
92 -14.2965
93 -14.3116
94 -14.3322
95 -14.357
96 -14.3838
97 -14.4099
98 -14.4315
99 -14.4443
100 -14.4446
101 -14.4309
102 -14.4046
103 -14.3692
104 -14.3286
105 -14.2862
106 -14.2444
107 -14.2053
108 -14.1701
109 -14.1398
110 -14.1141
111 -14.0925
112 -14.0738
113 -14.0566
114 -14.04
115 -14.0239
116 -14.0088
117 -13.9957
118 -13.9854
119 -13.9782
120 -13.9739
121 -13.9711
122 -13.9685
123 -13.9646
124 -13.9587
125 -13.9511
126 -13.9428
127 -13.9349
128 -13.9285
129 -13.9235
130 -13.9195
131 -13.9155
132 -13.91
133 -13.9026
134 -13.8932
135 -13.8829
136 -13.8728
137 -13.864
138 -13.8568
139 -13.8509
140 -13.8456
141 -13.8397
142 -13.8329
143 -13.8252
144 -13.8172
145 -13.8097
146 -13.8033
147 -13.798
148 -13.7933
149 -13.7887
150 -13.7837
151 -13.7784
152 -13.773
153 -13.7681
154 -13.7639
155 -13.7603
156 -13.757
157 -13.7534
158 -13.7493
159 -13.7449
160 -13.7409
161 -13.7377
162 -13.7357
163 -13.7346
164 -13.7337
165 -13.7324
166 -13.7301
167 -13.7271
168 -13.7241
169 -13.7219
170 -13.7213
171 -13.7221
172 -13.7237
173 -13.725
174 -13.7252
175 -13.7242
176 -13.7225
177 -13.721
178 -13.7208
179 -13.7219
180 -13.7241
181 -13.7261
182 -13.7271
183 -13.7266
184 -13.725
185 -13.7231
186 -13.7219
187 -13.7216
188 -13.7219
189 -13.722
190 -13.7212
191 -13.7191
192 -13.7163
193 -13.7136
194 -13.7117
195 -13.7106
196 -13.7101
197 -13.7094
198 -13.7078
199 -13.7055
200 -13.703
201 -13.7014
202 -13.701
203 -13.7019
204 -13.7034
205 -13.7046
206 -13.7048
207 -13.7042
208 -13.7036
209 -13.7039
210 -13.7059
211 -13.7094
212 -13.7134
213 -13.7169
214 -13.719
215 -13.7198
216 -13.7202
217 -13.7213
218 -13.7238
219 -13.7275
220 -13.7315
221 -13.7345
222 -13.7356
223 -13.7351
224 -13.7339
225 -13.7334
226 -13.7339
227 -13.7354
228 -13.7368
229 -13.7369
230 -13.7353
231 -13.7323
232 -13.729
233 -13.7265
234 -13.7251
235 -13.7246
236 -13.7239
237 -13.7221
238 -13.719
239 -13.715
240 -13.7112
241 -13.7085
242 -13.7071
243 -13.7066
244 -13.7061
245 -13.7048
246 -13.7026
247 -13.7
248 -13.6981
249 -13.6976
250 -13.6986
251 -13.7007
252 -13.703
253 -13.7046
254 -13.7056
255 -13.7064
256 -13.7082
257 -13.7117
258 -13.717
259 -13.7235
260 -13.7302
261 -13.7362
262 -13.7413
263 -13.746
264 -13.7513
265 -13.7583
266 -13.767
267 -13.7768
268 -13.7862
269 -13.7939
270 -13.7996
271 -13.8039
272 -13.808
273 -13.813
274 -13.8192
275 -13.8254
276 -13.8301
277 -13.8318
278 -13.8303
279 -13.827
280 -13.8235
281 -13.8212
282 -13.8204
283 -13.82
284 -13.8183
285 -13.8142
286 -13.8076
287 -13.7998
288 -13.7928
289 -13.7879
290 -13.7856
291 -13.785
292 -13.7845
293 -13.7826
294 -13.7786
295 -13.7732
296 -13.7682
297 -13.765
298 -13.7647
299 -13.7669
300 -13.7704
301 -13.7735
302 -13.7749
303 -13.7746
304 -13.7735
305 -13.7732
306 -13.7751
307 -13.7796
308 -13.7864
309 -13.7939
310 -13.8006
311 -13.8057
312 -13.8092
313 -13.8124
314 -13.8168
315 -13.8235
316 -13.8328
317 -13.8441
318 -13.8562
319 -13.8676
320 -13.8777
321 -13.8864
322 -13.8947
323 -13.9037
324 -13.9144
325 -13.9271
326 -13.9415
327 -13.9572
328 -13.9731
329 -13.9884
330 -14.0024
331 -14.0148
332 -14.0253
333 -14.0343
334 -14.0424
335 -14.05
336 -14.0578
337 -14.0657
338 -14.073
339 -14.0783
340 -14.0802
341 -14.0776
342 -14.0706
343 -14.0603
344 -14.0485
345 -14.0365
346 -14.0253
347 -14.0148
348 -14.0049
349 -13.9951
350 -13.985
351 -13.9747
352 -13.9643
353 -13.9538
354 -13.9433
355 -13.9329
356 -13.9225
357 -13.9125
358 -13.9032
359 -13.8951
360 -13.8889
361 -13.8847
362 -13.8826
363 -13.8821
364 -13.8827
365 -13.8836
366 -13.8842
367 -13.8841
368 -13.8833
369 -13.8822
370 -13.8813
371 -13.881
372 -13.8817
373 -13.8834
374 -13.8864
375 -13.8905
376 -13.8957
377 -13.9019
378 -13.9092
379 -13.9171
380 -13.9255
381 -13.9338
382 -13.9416
383 -13.9486
384 -13.9544
385 -13.9592
386 -13.9634
387 -13.9674
388 -13.9718
389 -13.9772
390 -13.9839
391 -13.992
392 -14.0017
393 -14.0128
394 -14.0252
395 -14.0389
396 -14.0536
397 -14.0694
398 -14.0862
399 -14.1037
400 -14.122
401 -14.141
402 -14.1604
403 -14.1802
404 -14.2005
405 -14.2214
406 -14.2433
407 -14.2665
408 -14.2916
409 -14.3189
410 -14.3485
411 -14.3802
412 -14.4127
413 -14.4442
414 -14.4715
415 -14.4907
416 -14.4986
417 -14.4938
418 -14.4781
419 -14.4546
420 -14.427
421 -14.3982
422 -14.3697
423 -14.3425
424 -14.3167
425 -14.2923
426 -14.269
427 -14.2466
428 -14.2249
429 -14.204
430 -14.1839
431 -14.1647
432 -14.1467
433 -14.1299
434 -14.1145
435 -14.1007
436 -14.0884
437 -14.0776
438 -14.0682
439 -14.0602
440 -14.0534
441 -14.0476
442 -14.0426
443 -14.0383
444 -14.0346
445 -14.0313
446 -14.0284
447 -14.0258
448 -14.0234
449 -14.0214
450 -14.0197
451 -14.0184
452 -14.0174
453 -14.0169
454 -14.0168
455 -14.0171
456 -14.0179
457 -14.019
458 -14.0206
459 -14.0225
460 -14.0248
461 -14.0274
462 -14.0303
463 -14.0334
464 -14.0368
465 -14.0405
466 -14.0445
467 -14.0487
468 -14.0534
469 -14.0584
470 -14.0637
471 -14.0695
472 -14.0757
473 -14.0823
474 -14.0893
475 -14.0967
476 -14.1045
477 -14.1125
478 -14.1208
479 -14.1294
480 -14.138
481 -14.1468
482 -14.1557
483 -14.1646
484 -14.1734
485 -14.1822
486 -14.191
487 -14.1998
488 -14.2085
489 -14.2172
490 -14.2259
491 -14.2347
492 -14.2436
493 -14.2528
494 -14.2621
495 -14.2718
496 -14.282
497 -14.2927
498 -14.304
499 -14.3161
500 -14.329
501 -14.3429
502 -14.3579
503 -14.3742
504 -14.3917
505 -14.4106
506 -14.4311
507 -14.4532
508 -14.4772
509 -14.5032
510 -14.5314
511 -14.562
512 -14.5951
513 -14.6311
514 -14.6701
515 -14.7124
516 -14.7579
517 -14.8065
518 -14.8576
519 -14.9096
520 -14.9592
521 -15.0007
522 -15.0271
523 -15.0324
524 -15.0163
525 -14.9841
526 -14.943
527 -14.8988
528 -14.8548
529 -14.8129
530 -14.7736
531 -14.7373
532 -14.7039
533 -14.6731
534 -14.6449
535 -14.6189
536 -14.5951
537 -14.5731
538 -14.5528
539 -14.5341
540 -14.5168
541 -14.5008
542 -14.486
543 -14.4724
544 -14.4599
545 -14.4483
546 -14.4378
547 -14.4282
548 -14.4195
549 -14.4117
550 -14.4047
551 -14.3984
552 -14.3929
553 -14.3881
554 -14.384
555 -14.3806
556 -14.3777
557 -14.3755
558 -14.3738
559 -14.3728
560 -14.3724
561 -14.3727
562 -14.3734
563 -14.3747
564 -14.3765
565 -14.3786
566 -14.3809
567 -14.3833
568 -14.3858
569 -14.3883
570 -14.3906
571 -14.3928
572 -14.3948
573 -14.3964
574 -14.3977
575 -14.3985
576 -14.3988
577 -14.3985
578 -14.3976
579 -14.396
580 -14.3938
581 -14.3909
582 -14.3875
583 -14.3835
584 -14.379
585 -14.3741
586 -14.3688
587 -14.3632
588 -14.3572
589 -14.3511
590 -14.3448
591 -14.3385
592 -14.3322
593 -14.326
594 -14.32
595 -14.3141
596 -14.3083
597 -14.3028
598 -14.2975
599 -14.2925
600 -14.2877
601 -14.2834
602 -14.2794
603 -14.276
604 -14.2731
605 -14.2707
606 -14.2688
607 -14.2673
608 -14.2663
609 -14.2657
610 -14.2654
611 -14.2656
612 -14.2661
613 -14.2671
614 -14.2685
615 -14.2704
616 -14.2728
617 -14.2757
618 -14.2791
619 -14.283
620 -14.2873
621 -14.2921
622 -14.2974
623 -14.3031
624 -14.3095
625 -14.3164
626 -14.324
627 -14.3322
628 -14.341
629 -14.3505
630 -14.3606
631 -14.3713
632 -14.3824
633 -14.394
634 -14.406
635 -14.4184
636 -14.4312
637 -14.4444
638 -14.4581
639 -14.4723
640 -14.4872
641 -14.5027
642 -14.5189
643 -14.5357
644 -14.5531
645 -14.571
646 -14.5895
647 -14.6083
648 -14.6275
649 -14.647
650 -14.6668
651 -14.6868
652 -14.7072
653 -14.7277
654 -14.7485
655 -14.7694
656 -14.7905
657 -14.8115
658 -14.8324
659 -14.8531
660 -14.8735
661 -14.8936
662 -14.9133
663 -14.9326
664 -14.9516
665 -14.9703
666 -14.9886
667 -15.0065
668 -15.0241
669 -15.0413
670 -15.0581
671 -15.0744
672 -15.0901
673 -15.1051
674 -15.1194
675 -15.1328
676 -15.1453
677 -15.1569
678 -15.1675
679 -15.1768
680 -15.1846
681 -15.1906
682 -15.1944
683 -15.1956
684 -15.1937
685 -15.1884
686 -15.1796
687 -15.1674
688 -15.152
689 -15.134
690 -15.1138
691 -15.0922
692 -15.0694
693 -15.046
694 -15.0222
695 -14.9983
696 -14.9746
697 -14.9513
698 -14.9285
699 -14.9063
700 -14.8849
701 -14.864
702 -14.844
703 -14.8246
704 -14.8061
705 -14.7883
706 -14.7713
707 -14.7549
708 -14.7391
709 -14.7238
710 -14.7092
711 -14.6951
712 -14.6817
713 -14.6689
714 -14.6565
715 -14.6446
716 -14.633
717 -14.6217
718 -14.6108
719 -14.6003
720 -14.5902
721 -14.5806
722 -14.5714
723 -14.5625
724 -14.5541
725 -14.546
726 -14.5383
727 -14.5308
728 -14.5236
729 -14.5167
730 -14.5102
731 -14.5041
732 -14.4984
733 -14.4932
734 -14.4882
735 -14.4835
736 -14.4789
737 -14.4745
738 -14.4703
739 -14.4664
740 -14.4628
741 -14.4594
742 -14.4563
743 -14.4535
744 -14.451
745 -14.4489
746 -14.4472
747 -14.4459
748 -14.4448
749 -14.4439
750 -14.4433
751 -14.4429
752 -14.443
753 -14.4435
754 -14.4443
755 -14.4454
756 -14.4467
757 -14.4482
758 -14.45
759 -14.4523
760 -14.4549
761 -14.4579
762 -14.4612
763 -14.4646
764 -14.4682
765 -14.4721
766 -14.4764
767 -14.4812
768 -14.4864
769 -14.4917
770 -14.497
771 -14.5024
772 -14.508
773 -14.514
774 -14.5204
775 -14.527
776 -14.5337
777 -14.5402
778 -14.5465
779 -14.5528
780 -14.5591
781 -14.5657
782 -14.5725
783 -14.5791
784 -14.5854
785 -14.5913
786 -14.5967
787 -14.6017
788 -14.6061
789 -14.6097
790 -14.6124
791 -14.6141
792 -14.6153
793 -14.6163
794 -14.6177
795 -14.6195
796 -14.6214
797 -14.623
798 -14.6239
799 -14.6241
800 -14.6239
801 -14.6234
802 -14.6228
803 -14.6217
804 -14.6201
805 -14.6182
806 -14.6162
807 -14.6145
808 -14.6131
809 -14.6119
810 -14.6104
811 -14.6083
812 -14.6057
813 -14.6032
814 -14.6016
815 -14.6013
816 -14.6024
817 -14.6045
818 -14.6071
819 -14.6098
820 -14.6126
821 -14.6155
822 -14.6187
823 -14.6218
824 -14.6248
825 -14.6275
826 -14.6302
827 -14.6336
828 -14.638
829 -14.6436
830 -14.6499
831 -14.6562
832 -14.6621
833 -14.6678
834 -14.674
835 -14.6813
836 -14.69
837 -14.6997
838 -14.7097
839 -14.7194
840 -14.7289
841 -14.7391
842 -14.7507
843 -14.7636
844 -14.7768
845 -14.7889
846 -14.7992
847 -14.8085
848 -14.8183
849 -14.8301
850 -14.8436
851 -14.8573
852 -14.8691
853 -14.8779
854 -14.8853
855 -14.8934
856 -14.9036
857 -14.9147
858 -14.9237
859 -14.9275
860 -14.9265
861 -14.9241
862 -14.9241
863 -14.9277
864 -14.9323
865 -14.9329
866 -14.9265
867 -14.9151
868 -14.9041
869 -14.8978
870 -14.8963
871 -14.8955
872 -14.8898
873 -14.8776
874 -14.8625
875 -14.8508
876 -14.8457
877 -14.845
878 -14.8421
879 -14.8312
880 -14.8135
881 -14.7975
882 -14.7914
883 -14.7979
884 -14.8098
885 -14.8099
886 -14.7855
887 -14.7465
888 -14.7178
889 -14.7258
890 -14.8139
