0 5.21411e-10
1 9.32625e-11
2 1.92504e-11
3 4.86288e-12
4 1.56717e-12
5 6.40149e-13
6 3.16554e-13
7 1.79756e-13
8 1.12602e-13
9 7.57661e-14
10 5.37261e-14
11 3.95128e-14
12 2.97099e-14
13 2.25503e-14
14 1.70848e-14
15 1.27868e-14
16 9.3628e-15
17 6.67352e-15
18 4.72393e-15
19 3.66037e-15
20 3.52921e-15
21 3.9412e-15
22 4.44266e-15
23 4.81278e-15
24 4.98308e-15
25 4.95242e-15
26 4.74834e-15
27 4.4096e-15
28 3.97872e-15
29 3.50118e-15
30 3.02953e-15
31 2.62911e-15
32 2.3755e-15
33 2.32508e-15
34 2.47031e-15
35 2.7447e-15
36 3.07355e-15
37 3.40322e-15
38 3.70157e-15
39 3.95086e-15
40 4.14258e-15
41 4.27505e-15
42 4.35285e-15
43 4.38658e-15
44 4.39217e-15
45 4.38902e-15
46 4.39716e-15
47 4.43394e-15
48 4.511e-15
49 4.63225e-15
50 4.79338e-15
51 4.98317e-15
52 5.18632e-15
53 5.38732e-15
54 5.57451e-15
55 5.74326e-15
56 5.89726e-15
57 6.04723e-15
58 6.20685e-15
59 6.3871e-15
60 6.5913e-15
61 6.81305e-15
62 7.03821e-15
63 7.24985e-15
64 7.43427e-15
65 7.58602e-15
66 7.7107e-15
67 7.82471e-15
68 7.95148e-15
69 8.11455e-15
70 8.32923e-15
71 8.5964e-15
72 8.90143e-15
73 9.21914e-15
74 9.52258e-15
75 9.79225e-15
76 1.00229e-14
77 1.02255e-14
78 1.04245e-14
79 1.06489e-14
80 1.09214e-14
81 1.1249e-14
82 1.16197e-14
83 1.20081e-14
84 1.23853e-14
85 1.27302e-14
86 1.3038e-14
87 1.33212e-14
88 1.36059e-14
89 1.39211e-14
90 1.42875e-14
91 1.47092e-14
92 1.51717e-14
93 1.56489e-14
94 1.61138e-14
95 1.65489e-14
96 1.69519e-14
97 1.73355e-14
98 1.77209e-14
99 1.8128e-14
100 1.85667e-14
101 1.90328e-14
102 1.95103e-14
103 1.99789e-14
104 2.04226e-14
105 2.08354e-14
106 2.12217e-14
107 2.15922e-14
108 2.19568e-14
109 2.23194e-14
110 2.26764e-14
111 2.30192e-14
112 2.33411e-14
113 2.36412e-14
114 2.39261e-14
115 2.42057e-14
116 2.44868e-14
117 2.47673e-14
118 2.50357e-14
119 2.5276e-14
120 2.54772e-14
121 2.56415e-14
122 2.57868e-14
123 2.59414e-14
124 2.61307e-14
125 2.63645e-14
126 2.66295e-14
127 2.68943e-14
128 2.7124e-14
129 2.72985e-14
130 2.74249e-14
131 2.75375e-14
132 2.76841e-14
133 2.79034e-14
134 2.82047e-14
135 2.85609e-14
136 2.89213e-14
137 2.9236e-14
138 2.94809e-14
139 2.96701e-14
140 2.98505e-14
141 3.00788e-14
142 3.03923e-14
143 3.07882e-14
144 3.12236e-14
145 3.16368e-14
146 3.19777e-14
147 3.22309e-14
148 3.24223e-14
149 3.26041e-14
150 3.28268e-14
151 3.31115e-14
152 3.34382e-14
153 3.37565e-14
154 3.40121e-14
155 3.41736e-14
156 3.42468e-14
157 3.42681e-14
158 3.42834e-14
159 3.43216e-14
160 3.43792e-14
161 3.44248e-14
162 3.44189e-14
163 3.43381e-14
164 3.41891e-14
165 3.40041e-14
166 3.38214e-14
167 3.36621e-14
168 3.35185e-14
169 3.33612e-14
170 3.3162e-14
171 3.29168e-14
172 3.26545e-14
173 3.24254e-14
174 3.22723e-14
175 3.22044e-14
176 3.21898e-14
177 3.21743e-14
178 3.21168e-14
179 3.20184e-14
180 3.19278e-14
181 3.19179e-14
182 3.20425e-14
183 3.23014e-14
184 3.26347e-14
185 3.29551e-14
186 3.31955e-14
187 3.33456e-14
188 3.34571e-14
189 3.36129e-14
190 3.38769e-14
191 3.42513e-14
192 3.46716e-14
193 3.504e-14
194 3.52786e-14
195 3.53692e-14
196 3.53598e-14
197 3.53355e-14
198 3.53674e-14
199 3.54688e-14
200 3.55874e-14
201 3.5637e-14
202 3.55485e-14
203 3.53103e-14
204 3.49743e-14
205 3.46262e-14
206 3.43348e-14
207 3.4111e-14
208 3.39038e-14
209 3.3636e-14
210 3.32562e-14
211 3.27755e-14
212 3.22653e-14
213 3.18179e-14
214 3.14901e-14
215 3.12673e-14
216 3.10746e-14
217 3.08277e-14
218 3.04923e-14
219 3.01116e-14
220 2.97869e-14
221 2.96175e-14
222 2.96353e-14
223 2.97801e-14
224 2.99361e-14
225 3.00043e-14
226 2.99627e-14
227 2.9881e-14
228 2.98792e-14
229 3.00516e-14
230 3.04022e-14
231 3.08375e-14
232 3.12229e-14
233 3.1462e-14
234 3.15499e-14
235 3.15736e-14
236 3.16581e-14
237 3.18874e-14
238 3.22488e-14
239 3.26389e-14
240 3.29278e-14
241 3.30356e-14
242 3.29772e-14
243 3.28512e-14
244 3.27802e-14
245 3.28328e-14
246 3.29776e-14
247 3.31018e-14
248 3.30805e-14
249 3.28521e-14
250 3.24551e-14
251 3.20078e-14
252 3.16399e-14
253 3.1411e-14
254 3.12705e-14
255 3.10878e-14
256 3.07329e-14
257 3.01555e-14
258 2.94176e-14
259 2.86652e-14
260 2.80471e-14
261 2.76242e-14
262 2.73296e-14
263 2.70126e-14
264 2.65363e-14
265 2.58632e-14
266 2.50839e-14
267 2.43744e-14
268 2.38957e-14
269 2.36916e-14
270 2.36587e-14
271 2.36198e-14
272 2.344e-14
273 2.31105e-14
274 2.27566e-14
275 2.25658e-14
276 2.26674e-14
277 2.30403e-14
278 2.35242e-14
279 2.39241e-14
280 2.41254e-14
281 2.41528e-14
282 2.41525e-14
283 2.4304e-14
284 2.47039e-14
285 2.52981e-14
286 2.59136e-14
287 2.63627e-14
288 2.65447e-14
289 2.64947e-14
290 2.6364e-14
291 2.63376e-14
292 2.65264e-14
293 2.68975e-14
294 2.72948e-14
295 2.75325e-14
296 2.74954e-14
297 2.71956e-14
298 2.67653e-14
299 2.63912e-14
300 2.62134e-14
301 2.62439e-14
302 2.63617e-14
303 2.63871e-14
304 2.61813e-14
305 2.57149e-14
306 2.50796e-14
307 2.44436e-14
308 2.39653e-14
309 2.37054e-14
310 2.35931e-14
311 2.34713e-14
312 2.31863e-14
313 2.26648e-14
314 2.19449e-14
315 2.11558e-14
316 2.04556e-14
317 1.99489e-14
318 1.96301e-14
319 1.93902e-14
320 1.9084e-14
321 1.86069e-14
322 1.7942e-14
323 1.71649e-14
324 1.64083e-14
325 1.57993e-14
326 1.53951e-14
327 1.51551e-14
328 1.49721e-14
329 1.47369e-14
330 1.43938e-14
331 1.39624e-14
332 1.35257e-14
333 1.31905e-14
334 1.30352e-14
335 1.3072e-14
336 1.32464e-14
337 1.34741e-14
338 1.36842e-14
339 1.3847e-14
340 1.3977e-14
341 1.41185e-14
342 1.43219e-14
343 1.46196e-14
344 1.5013e-14
345 1.54739e-14
346 1.5958e-14
347 1.64214e-14
348 1.68334e-14
349 1.7183e-14
350 1.74787e-14
351 1.77429e-14
352 1.80031e-14
353 1.82812e-14
354 1.8585e-14
355 1.89051e-14
356 1.92173e-14
357 1.94909e-14
358 1.9699e-14
359 1.9827e-14
360 1.9877e-14
361 1.98667e-14
362 1.98228e-14
363 1.97718e-14
364 1.97302e-14
365 1.96991e-14
366 1.96643e-14
367 1.96031e-14
368 1.94927e-14
369 1.93195e-14
370 1.90831e-14
371 1.87967e-14
372 1.84824e-14
373 1.8164e-14
374 1.78595e-14
375 1.7576e-14
376 1.73091e-14
377 1.70457e-14
378 1.67707e-14
379 1.64719e-14
380 1.61446e-14
381 1.57917e-14
382 1.54225e-14
383 1.50486e-14
384 1.46802e-14
385 1.43232e-14
386 1.3978e-14
387 1.36407e-14
388 1.3305e-14
389 1.2965e-14
390 1.26168e-14
391 1.22595e-14
392 1.18946e-14
393 1.15243e-14
394 1.11507e-14
395 1.07746e-14
396 1.03947e-14
397 1.00088e-14
398 9.61434e-15
399 9.20992e-15
400 8.79633e-15
401 8.37723e-15
402 7.95919e-15
403 7.55138e-15
404 7.16474e-15
405 6.81104e-15
406 6.50181e-15
407 6.24734e-15
408 6.05576e-15
409 5.93237e-15
410 5.87923e-15
411 5.89513e-15
412 5.97585e-15
413 6.11484e-15
414 6.30403e-15
415 6.53466e-15
416 6.79809e-15
417 7.08636e-15
418 7.39263e-15
419 7.71139e-15
420 8.03853e-15
421 8.37117e-15
422 8.70747e-15
423 9.04631e-15
424 9.38698e-15
425 9.72882e-15
426 1.0071e-14
427 1.04125e-14
428 1.07517e-14
429 1.10867e-14
430 1.14153e-14
431 1.17352e-14
432 1.20443e-14
433 1.23405e-14
434 1.26222e-14
435 1.28883e-14
436 1.31382e-14
437 1.33719e-14
438 1.35898e-14
439 1.37925e-14
440 1.39812e-14
441 1.4157e-14
442 1.43208e-14
443 1.44736e-14
444 1.46161e-14
445 1.47486e-14
446 1.48713e-14
447 1.49836e-14
448 1.50849e-14
449 1.51738e-14
450 1.52488e-14
451 1.53082e-14
452 1.53497e-14
453 1.53714e-14
454 1.53708e-14
455 1.53461e-14
456 1.52951e-14
457 1.52161e-14
458 1.51078e-14
459 1.4969e-14
460 1.4799e-14
461 1.45976e-14
462 1.43652e-14
463 1.41025e-14
464 1.38109e-14
465 1.34925e-14
466 1.31497e-14
467 1.27853e-14
468 1.24029e-14
469 1.20062e-14
470 1.15992e-14
471 1.11864e-14
472 1.07723e-14
473 1.03618e-14
474 9.95952e-15
475 9.57023e-15
476 9.19826e-15
477 8.84758e-15
478 8.52158e-15
479 8.22301e-15
480 7.95389e-15
481 7.71541e-15
482 7.5079e-15
483 7.33077e-15
484 7.18249e-15
485 7.0607e-15
486 6.96235e-15
487 6.88392e-15
488 6.8217e-15
489 6.77203e-15
490 6.73146e-15
491 6.69682e-15
492 6.6653e-15
493 6.63444e-15
494 6.60207e-15
495 6.56639e-15
496 6.52597e-15
497 6.47978e-15
498 6.42723e-15
499 6.36815e-15
500 6.30269e-15
501 6.23125e-15
502 6.15438e-15
503 6.07273e-15
504 5.98704e-15
505 5.89816e-15
506 5.80714e-15
507 5.71518e-15
508 5.62371e-15
509 5.53425e-15
510 5.44839e-15
511 5.36765e-15
512 5.29342e-15
513 5.22696e-15
514 5.16938e-15
515 5.12166e-15
516 5.08461e-15
517 5.05887e-15
518 5.04477e-15
519 5.04236e-15
520 5.05131e-15
521 5.07099e-15
522 5.1006e-15
523 5.13921e-15
524 5.18588e-15
525 5.23968e-15
526 5.29967e-15
527 5.36489e-15
528 5.43434e-15
529 5.507e-15
530 5.58191e-15
531 5.65824e-15
532 5.73535e-15
533 5.81277e-15
534 5.89018e-15
535 5.96732e-15
536 6.04391e-15
537 6.1196e-15
538 6.19398e-15
539 6.26662e-15
540 6.33713e-15
541 6.40521e-15
542 6.47069e-15
543 6.5335e-15
544 6.59364e-15
545 6.65111e-15
546 6.70587e-15
547 6.75781e-15
548 6.8068e-15
549 6.85271e-15
550 6.89549e-15
551 6.93514e-15
552 6.97173e-15
553 7.00537e-15
554 7.03615e-15
555 7.06419e-15
556 7.08959e-15
557 7.11248e-15
558 7.13303e-15
559 7.15149e-15
560 7.16815e-15
561 7.18335e-15
562 7.19737e-15
563 7.21038e-15
564 7.22235e-15
565 7.23312e-15
566 7.24236e-15
567 7.24976e-15
568 7.25502e-15
569 7.25802e-15
570 7.25885e-15
571 7.25785e-15
572 7.2555e-15
573 7.25243e-15
574 7.2492e-15
575 7.24635e-15
576 7.24423e-15
577 7.24308e-15
578 7.24298e-15
579 7.24392e-15
580 7.24593e-15
581 7.24911e-15
582 7.25378e-15
583 7.26043e-15
584 7.26974e-15
585 7.28246e-15
586 7.29932e-15
587 7.32086e-15
588 7.34736e-15
589 7.37883e-15
590 7.41509e-15
591 7.45588e-15
592 7.50102e-15
593 7.55042e-15
594 7.60413e-15
595 7.66223e-15
596 7.72465e-15
597 7.79096e-15
598 7.86027e-15
599 7.93106e-15
600 8.0013e-15
601 8.06863e-15
602 8.13062e-15
603 8.18518e-15
604 8.23073e-15
605 8.26638e-15
606 8.29192e-15
607 8.30763e-15
608 8.31407e-15
609 8.31177e-15
610 8.30094e-15
611 8.28139e-15
612 8.25245e-15
613 8.21315e-15
614 8.16241e-15
615 8.09935e-15
616 8.02341e-15
617 7.93451e-15
618 7.83293e-15
619 7.71927e-15
620 7.59423e-15
621 7.45852e-15
622 7.31276e-15
623 7.15742e-15
624 6.99289e-15
625 6.81955e-15
626 6.63785e-15
627 6.44846e-15
628 6.25237e-15
629 6.05091e-15
630 5.84573e-15
631 5.63861e-15
632 5.4313e-15
633 5.22531e-15
634 5.02175e-15
635 4.82126e-15
636 4.62414e-15
637 4.43045e-15
638 4.24018e-15
639 4.05351e-15
640 3.87087e-15
641 3.69305e-15
642 3.52123e-15
643 3.35685e-15
644 3.20148e-15
645 3.05654e-15
646 2.92308e-15
647 2.80155e-15
648 2.69175e-15
649 2.5929e-15
650 2.50382e-15
651 2.42321e-15
652 2.34988e-15
653 2.28283e-15
654 2.2213e-15
655 2.16468e-15
656 2.11237e-15
657 2.06378e-15
658 2.01818e-15
659 1.97477e-15
660 1.93272e-15
661 1.89121e-15
662 1.84949e-15
663 1.80694e-15
664 1.76307e-15
665 1.71751e-15
666 1.67e-15
667 1.6204e-15
668 1.56861e-15
669 1.51464e-15
670 1.4585e-15
671 1.40023e-15
672 1.33988e-15
673 1.2775e-15
674 1.21322e-15
675 1.14728e-15
676 1.08011e-15
677 1.01245e-15
678 9.45323e-16
679 8.80002e-16
680 8.17832e-16
681 7.60045e-16
682 7.0761e-16
683 6.61237e-16
684 6.21586e-16
685 5.89581e-16
686 5.66607e-16
687 5.54309e-16
688 5.53952e-16
689 5.65699e-16
690 5.88368e-16
691 6.19921e-16
692 6.58292e-16
693 7.01977e-16
694 7.50099e-16
695 8.02038e-16
696 8.57009e-16
697 9.13908e-16
698 9.71558e-16
699 1.02916e-15
700 1.08662e-15
701 1.1444e-15
702 1.203e-15
703 1.26245e-15
704 1.32206e-15
705 1.38089e-15
706 1.43839e-15
707 1.49483e-15
708 1.55114e-15
709 1.60812e-15
710 1.66571e-15
711 1.72295e-15
712 1.77867e-15
713 1.8324e-15
714 1.88485e-15
715 1.93734e-15
716 1.99087e-15
717 2.04539e-15
718 2.09996e-15
719 2.15372e-15
720 2.20662e-15
721 2.25949e-15
722 2.31327e-15
723 2.36822e-15
724 2.42394e-15
725 2.47995e-15
726 2.53657e-15
727 2.59485e-15
728 2.6558e-15
729 2.71944e-15
730 2.78473e-15
731 2.8504e-15
732 2.91627e-15
733 2.98361e-15
734 3.05445e-15
735 3.12987e-15
736 3.20894e-15
737 3.28909e-15
738 3.36785e-15
739 3.44481e-15
740 3.52202e-15
741 3.60248e-15
742 3.68761e-15
743 3.77588e-15
744 3.86384e-15
745 3.94869e-15
746 4.03056e-15
747 4.11225e-15
748 4.19678e-15
749 4.28453e-15
750 4.37245e-15
751 4.45604e-15
752 4.53256e-15
753 4.60293e-15
754 4.67091e-15
755 4.74004e-15
756 4.81076e-15
757 4.87998e-15
758 4.94327e-15
759 4.99813e-15
760 5.04568e-15
761 5.08964e-15
762 5.13341e-15
763 5.17751e-15
764 5.21938e-15
765 5.2556e-15
766 5.28476e-15
767 5.30879e-15
768 5.33163e-15
769 5.35619e-15
770 5.38206e-15
771 5.40565e-15
772 5.42278e-15
773 5.43176e-15
774 5.4346e-15
775 5.43552e-15
776 5.43795e-15
777 5.44241e-15
778 5.44698e-15
779 5.44989e-15
780 5.45211e-15
781 5.4575e-15
782 5.4702e-15
783 5.49106e-15
784 5.51604e-15
785 5.53825e-15
786 5.55239e-15
787 5.55849e-15
788 5.56224e-15
789 5.5714e-15
790 5.59042e-15
791 5.61709e-15
792 5.64352e-15
793 5.66075e-15
794 5.66383e-15
795 5.65403e-15
796 5.63723e-15
797 5.62002e-15
798 5.60625e-15
799 5.59639e-15
800 5.58964e-15
801 5.5864e-15
802 5.58885e-15
803 5.59891e-15
804 5.61546e-15
805 5.63342e-15
806 5.64596e-15
807 5.64862e-15
808 5.6422e-15
809 5.63237e-15
810 5.62577e-15
811 5.62528e-15
812 5.62787e-15
813 5.62647e-15
814 5.61462e-15
815 5.59032e-15
816 5.5566e-15
817 5.51855e-15
818 5.47949e-15
819 5.43918e-15
820 5.3956e-15
821 5.34842e-15
822 5.30107e-15
823 5.25921e-15
824 5.22644e-15
825 5.20064e-15
826 5.17431e-15
827 5.13907e-15
828 5.09107e-15
829 5.03341e-15
830 4.97366e-15
831 4.91825e-15
832 4.8678e-15
833 4.81704e-15
834 4.75953e-15
835 4.69316e-15
836 4.62216e-15
837 4.55389e-15
838 4.49275e-15
839 4.43631e-15
840 4.37704e-15
841 4.30871e-15
842 4.23214e-15
843 4.15574e-15
844 4.08973e-15
845 4.03809e-15
846 3.99487e-15
847 3.94832e-15
848 3.88993e-15
849 3.82114e-15
850 3.75259e-15
851 3.69602e-15
852 3.65465e-15
853 3.62009e-15
854 3.57905e-15
855 3.52435e-15
856 3.46146e-15
857 3.40545e-15
858 3.3695e-15
859 3.35365e-15
860 3.34378e-15
861 3.32242e-15
862 3.28247e-15
863 3.23332e-15
864 3.19462e-15
865 3.18091e-15
866 3.18908e-15
867 3.20016e-15
868 3.19445e-15
869 3.16729e-15
870 3.13339e-15
871 3.11615e-15
872 3.12828e-15
873 3.1597e-15
874 3.18476e-15
875 3.1829e-15
876 3.1556e-15
877 3.12751e-15
878 3.12878e-15
879 3.1691e-15
880 3.22637e-15
881 3.26251e-15
882 3.25276e-15
883 3.20665e-15
884 3.16726e-15
885 3.18366e-15
886 3.26894e-15
887 3.38117e-15
888 3.44623e-15
889 3.39276e-15
890 3.16061e-15
