0 2.12812e-13
1 2.1199e-13
2 2.09485e-13
3 2.05348e-13
4 1.99659e-13
5 1.92528e-13
6 1.84091e-13
7 1.7451e-13
8 1.63971e-13
9 1.52681e-13
10 1.40865e-13
11 1.28766e-13
12 1.16639e-13
13 1.04755e-13
14 9.34003e-14
15 8.28866e-14
16 7.35472e-14
17 6.57172e-14
18 5.96752e-14
19 5.55453e-14
20 5.32009e-14
21 5.22546e-14
22 5.21617e-14
23 5.23696e-14
24 5.24209e-14
25 5.19896e-14
26 5.08727e-14
27 4.89666e-14
28 4.62436e-14
29 4.27339e-14
30 3.85119e-14
31 3.36867e-14
32 2.83935e-14
33 2.27866e-14
34 1.70367e-14
35 1.13477e-14
36 6.09924e-15
37 3.36739e-15
38 6.43971e-15
39 1.06687e-14
40 1.45707e-14
41 1.79009e-14
42 2.05736e-14
43 2.25601e-14
44 2.38693e-14
45 2.45387e-14
46 2.46264e-14
47 2.42042e-14
48 2.33536e-14
49 2.21673e-14
50 2.07543e-14
51 1.92456e-14
52 1.77963e-14
53 1.65764e-14
54 1.57441e-14
55 1.54028e-14
56 1.55666e-14
57 1.61606e-14
58 1.70596e-14
59 1.81284e-14
60 1.92452e-14
61 2.03066e-14
62 2.12301e-14
63 2.19564e-14
64 2.24544e-14
65 2.27245e-14
66 2.27965e-14
67 2.27223e-14
68 2.25633e-14
69 2.23775e-14
70 2.22084e-14
71 2.20812e-14
72 2.20043e-14
73 2.19765e-14
74 2.19939e-14
75 2.20566e-14
76 2.21719e-14
77 2.23536e-14
78 2.26185e-14
79 2.29792e-14
80 2.34351e-14
81 2.39682e-14
82 2.45436e-14
83 2.51177e-14
84 2.56506e-14
85 2.61182e-14
86 2.65187e-14
87 2.68723e-14
88 2.72125e-14
89 2.75733e-14
90 2.79765e-14
91 2.84246e-14
92 2.89023e-14
93 2.93852e-14
94 2.98515e-14
95 3.02914e-14
96 3.07113e-14
97 3.11299e-14
98 3.15703e-14
99 3.20496e-14
100 3.25706e-14
101 3.31205e-14
102 3.36757e-14
103 3.42105e-14
104 3.47064e-14
105 3.51565e-14
106 3.55649e-14
107 3.59403e-14
108 3.62894e-14
109 3.66112e-14
110 3.68982e-14
111 3.71405e-14
112 3.73333e-14
113 3.74815e-14
114 3.75985e-14
115 3.77004e-14
116 3.77974e-14
117 3.78874e-14
118 3.79566e-14
119 3.79872e-14
120 3.79688e-14
121 3.79083e-14
122 3.78321e-14
123 3.77777e-14
124 3.77781e-14
125 3.78455e-14
126 3.79636e-14
127 3.80938e-14
128 3.81932e-14
129 3.82372e-14
130 3.82344e-14
131 3.82265e-14
132 3.82717e-14
133 3.84169e-14
134 3.86729e-14
135 3.90065e-14
136 3.93552e-14
137 3.96571e-14
138 3.98814e-14
139 4.00441e-14
140 4.02006e-14
141 4.0418e-14
142 4.07404e-14
143 4.1163e-14
144 4.16334e-14
145 4.20764e-14
146 4.24307e-14
147 4.26775e-14
148 4.28468e-14
149 4.30003e-14
150 4.31973e-14
151 4.3462e-14
152 4.37704e-14
153 4.4062e-14
154 4.4272e-14
155 4.43626e-14
156 4.43399e-14
157 4.42467e-14
158 4.41375e-14
159 4.40477e-14
160 4.39751e-14
161 4.38841e-14
162 4.37282e-14
163 4.3479e-14
164 4.3143e-14
165 4.27571e-14
166 4.23678e-14
167 4.20035e-14
168 4.16596e-14
169 4.13056e-14
170 4.09096e-14
171 4.0466e-14
172 4.00073e-14
173 3.95923e-14
174 3.92742e-14
175 3.90688e-14
176 3.89438e-14
177 3.88388e-14
178 3.8705e-14
179 3.85406e-14
180 3.83997e-14
181 3.8366e-14
182 3.85038e-14
183 3.88148e-14
184 3.92304e-14
185 3.96466e-14
186 3.99797e-14
187 4.02105e-14
188 4.03927e-14
189 4.06196e-14
190 4.09659e-14
191 4.1438e-14
192 4.19637e-14
193 4.2429e-14
194 4.27383e-14
195 4.28622e-14
196 4.28495e-14
197 4.27964e-14
198 4.27889e-14
199 4.28518e-14
200 4.2933e-14
201 4.29361e-14
202 4.27774e-14
203 4.24346e-14
204 4.19595e-14
205 4.14486e-14
206 4.09876e-14
207 4.06013e-14
208 4.02421e-14
209 3.9825e-14
210 3.92861e-14
211 3.86283e-14
212 3.79257e-14
213 3.7284e-14
214 3.6777e-14
215 3.64007e-14
216 3.60775e-14
217 3.57105e-14
218 3.52512e-14
219 3.4739e-14
220 3.42851e-14
221 3.40079e-14
222 3.39553e-14
223 3.40684e-14
224 3.42157e-14
225 3.42748e-14
226 3.42074e-14
227 3.40837e-14
228 3.40422e-14
229 3.42025e-14
230 3.45842e-14
231 3.50889e-14
232 3.55581e-14
233 3.58671e-14
234 3.59941e-14
235 3.60293e-14
236 3.61194e-14
237 3.63759e-14
238 3.68017e-14
239 3.72871e-14
240 3.76779e-14
241 3.78664e-14
242 3.78515e-14
243 3.77361e-14
244 3.7664e-14
245 3.77288e-14
246 3.79119e-14
247 3.80914e-14
248 3.81175e-14
249 3.79021e-14
250 3.74712e-14
251 3.69523e-14
252 3.65009e-14
253 3.62049e-14
254 3.60249e-14
255 3.5816e-14
256 3.54165e-14
257 3.47449e-14
258 3.38513e-14
259 3.28982e-14
260 3.20738e-14
261 3.14807e-14
262 3.10694e-14
263 3.06706e-14
264 3.01048e-14
265 2.92939e-14
266 2.83147e-14
267 2.7368e-14
268 2.66697e-14
269 2.63177e-14
270 2.62254e-14
271 2.61847e-14
272 2.60064e-14
273 2.56389e-14
274 2.52015e-14
275 2.49183e-14
276 2.49769e-14
277 2.53956e-14
278 2.6005e-14
279 2.65609e-14
280 2.68923e-14
281 2.6991e-14
282 2.70105e-14
283 2.71744e-14
284 2.76344e-14
285 2.83636e-14
286 2.91697e-14
287 2.98118e-14
288 3.01337e-14
289 3.01406e-14
290 2.99952e-14
291 2.99339e-14
292 3.01326e-14
293 3.05977e-14
294 3.11608e-14
295 3.15812e-14
296 3.16777e-14
297 3.1418e-14
298 3.09331e-14
299 3.04559e-14
300 3.02011e-14
301 3.02427e-14
302 3.04702e-14
303 3.06584e-14
304 3.0595e-14
305 3.01866e-14
306 2.94996e-14
307 2.87288e-14
308 2.81032e-14
309 2.77629e-14
310 2.76784e-14
311 2.76703e-14
312 2.7515e-14
313 2.70596e-14
314 2.62899e-14
315 2.53331e-14
316 2.44012e-14
317 2.36887e-14
318 2.32674e-14
319 2.30464e-14
320 2.2829e-14
321 2.2422e-14
322 2.17267e-14
323 2.07775e-14
324 1.97273e-14
325 1.87846e-14
326 1.81169e-14
327 1.7761e-14
328 1.76058e-14
329 1.74643e-14
330 1.7177e-14
331 1.66836e-14
332 1.60436e-14
333 1.5413e-14
334 1.49796e-14
335 1.48711e-14
336 1.50854e-14
337 1.54989e-14
338 1.59438e-14
339 1.62906e-14
340 1.6493e-14
341 1.65933e-14
342 1.66968e-14
343 1.69247e-14
344 1.73571e-14
345 1.7996e-14
346 1.87667e-14
347 1.95551e-14
348 2.02538e-14
349 2.07961e-14
350 2.11719e-14
351 2.1425e-14
352 2.16362e-14
353 2.18934e-14
354 2.22582e-14
355 2.27415e-14
356 2.32999e-14
357 2.38535e-14
358 2.43151e-14
359 2.46181e-14
360 2.47354e-14
361 2.46853e-14
362 2.45254e-14
363 2.43347e-14
364 2.41899e-14
365 2.41395e-14
366 2.41891e-14
367 2.43008e-14
368 2.44092e-14
369 2.44439e-14
370 2.43507e-14
371 2.41052e-14
372 2.37173e-14
373 2.32265e-14
374 2.26916e-14
375 2.21755e-14
376 2.17294e-14
377 2.13803e-14
378 2.11262e-14
379 2.09396e-14
380 2.07781e-14
381 2.05969e-14
382 2.0359e-14
383 2.00417e-14
384 1.96379e-14
385 1.91552e-14
386 1.8612e-14
387 1.80336e-14
388 1.74474e-14
389 1.68786e-14
390 1.63471e-14
391 1.5865e-14
392 1.54356e-14
393 1.50534e-14
394 1.47055e-14
395 1.43742e-14
396 1.4039e-14
397 1.36797e-14
398 1.32785e-14
399 1.28218e-14
400 1.23017e-14
401 1.17164e-14
402 1.10713e-14
403 1.03789e-14
404 9.65894e-15
405 8.93813e-15
406 8.24959e-15
407 7.63111e-15
408 7.12158e-15
409 6.75446e-15
410 6.54943e-15
411 6.50551e-15
412 6.60092e-15
413 6.80042e-15
414 7.06561e-15
415 7.36313e-15
416 7.66858e-15
417 7.96737e-15
418 8.25364e-15
419 8.52851e-15
420 8.798e-15
421 9.07085e-15
422 9.35651e-15
423 9.66333e-15
424 9.99726e-15
425 1.0361e-14
426 1.0754e-14
427 1.11728e-14
428 1.16117e-14
429 1.20636e-14
430 1.25211e-14
431 1.29772e-14
432 1.34254e-14
433 1.38605e-14
434 1.42785e-14
435 1.46765e-14
436 1.50529e-14
437 1.54069e-14
438 1.57385e-14
439 1.60481e-14
440 1.63367e-14
441 1.66052e-14
442 1.68547e-14
443 1.70864e-14
444 1.73013e-14
445 1.75006e-14
446 1.7685e-14
447 1.78553e-14
448 1.80117e-14
449 1.81545e-14
450 1.82833e-14
451 1.83972e-14
452 1.84953e-14
453 1.85758e-14
454 1.8637e-14
455 1.86765e-14
456 1.86919e-14
457 1.86804e-14
458 1.86393e-14
459 1.85659e-14
460 1.84577e-14
461 1.83126e-14
462 1.81292e-14
463 1.79064e-14
464 1.76441e-14
465 1.73427e-14
466 1.70037e-14
467 1.6629e-14
468 1.62212e-14
469 1.57836e-14
470 1.53201e-14
471 1.48351e-14
472 1.43333e-14
473 1.38197e-14
474 1.32997e-14
475 1.27785e-14
476 1.2261e-14
477 1.1752e-14
478 1.1256e-14
479 1.07767e-14
480 1.03177e-14
481 9.88189e-15
482 9.47169e-15
483 9.08883e-15
484 8.73433e-15
485 8.4084e-15
486 8.11045e-15
487 7.83923e-15
488 7.59291e-15
489 7.36933e-15
490 7.16614e-15
491 6.98089e-15
492 6.8111e-15
493 6.65423e-15
494 6.50778e-15
495 6.36929e-15
496 6.23651e-15
497 6.10752e-15
498 5.98078e-15
499 5.85521e-15
500 5.73009e-15
501 5.60497e-15
502 5.47951e-15
503 5.35348e-15
504 5.22675e-15
505 5.09939e-15
506 4.97181e-15
507 4.84489e-15
508 4.71992e-15
509 4.59858e-15
510 4.48277e-15
511 4.37444e-15
512 4.27548e-15
513 4.18771e-15
514 4.11292e-15
515 4.05291e-15
516 4.00949e-15
517 3.98429e-15
518 3.97855e-15
519 3.99283e-15
520 4.02686e-15
521 4.07953e-15
522 4.14909e-15
523 4.23341e-15
524 4.33023e-15
525 4.43737e-15
526 4.5528e-15
527 4.67463e-15
528 4.80107e-15
529 4.93046e-15
530 5.06127e-15
531 5.19214e-15
532 5.322e-15
533 5.45003e-15
534 5.5757e-15
535 5.69864e-15
536 5.8186e-15
537 5.93536e-15
538 6.04866e-15
539 6.15825e-15
540 6.26387e-15
541 6.36532e-15
542 6.46243e-15
543 6.55511e-15
544 6.64329e-15
545 6.72692e-15
546 6.80593e-15
547 6.88022e-15
548 6.94971e-15
549 7.01434e-15
550 7.07415e-15
551 7.12922e-15
552 7.17969e-15
553 7.22572e-15
554 7.26748e-15
555 7.30518e-15
556 7.33908e-15
557 7.36948e-15
558 7.39674e-15
559 7.42134e-15
560 7.44379e-15
561 7.46463e-15
562 7.48431e-15
563 7.50314e-15
564 7.52123e-15
565 7.53854e-15
566 7.55489e-15
567 7.57003e-15
568 7.58374e-15
569 7.59585e-15
570 7.60633e-15
571 7.61527e-15
572 7.62285e-15
573 7.62928e-15
574 7.63472e-15
575 7.63931e-15
576 7.6431e-15
577 7.64608e-15
578 7.64816e-15
579 7.64922e-15
580 7.64917e-15
581 7.64802e-15
582 7.64593e-15
583 7.64324e-15
584 7.6405e-15
585 7.6384e-15
586 7.63768e-15
587 7.63902e-15
588 7.643e-15
589 7.64998e-15
590 7.6602e-15
591 7.67383e-15
592 7.69107e-15
593 7.71225e-15
594 7.73783e-15
595 7.76831e-15
596 7.80411e-15
597 7.84538e-15
598 7.89181e-15
599 7.94252e-15
600 7.99605e-15
601 8.0505e-15
602 8.10376e-15
603 8.1538e-15
604 8.19892e-15
605 8.23792e-15
606 8.27017e-15
607 8.29549e-15
608 8.31403e-15
609 8.32597e-15
610 8.33135e-15
611 8.32987e-15
612 8.32087e-15
613 8.30338e-15
614 8.27634e-15
615 8.23877e-15
616 8.18996e-15
617 8.12955e-15
618 8.05751e-15
619 7.97405e-15
620 7.87952e-15
621 7.77426e-15
622 7.65856e-15
623 7.53262e-15
624 7.39652e-15
625 7.25033e-15
626 7.09417e-15
627 6.9283e-15
628 6.75323e-15
629 6.56981e-15
630 6.3792e-15
631 6.18278e-15
632 5.98203e-15
633 5.77834e-15
634 5.57287e-15
635 5.36646e-15
636 5.15964e-15
637 4.95268e-15
638 4.74567e-15
639 4.53867e-15
640 4.33181e-15
641 4.12537e-15
642 3.91985e-15
643 3.71603e-15
644 3.5149e-15
645 3.31761e-15
646 3.12535e-15
647 2.9392e-15
648 2.76002e-15
649 2.58834e-15
650 2.4244e-15
651 2.26817e-15
652 2.11952e-15
653 1.97826e-15
654 1.84424e-15
655 1.71741e-15
656 1.5978e-15
657 1.48555e-15
658 1.3808e-15
659 1.2837e-15
660 1.19432e-15
661 1.11267e-15
662 1.03866e-15
663 9.72146e-16
664 9.12985e-16
665 8.61044e-16
666 8.16249e-16
667 7.78582e-16
668 7.48073e-16
669 7.24777e-16
670 7.0874e-16
671 6.99975e-16
672 6.98435e-16
673 7.03995e-16
674 7.16433e-16
675 7.35407e-16
676 7.60445e-16
677 7.90937e-16
678 8.2617e-16
679 8.65388e-16
680 9.07889e-16
681 9.53131e-16
682 1.0008e-15
683 1.05085e-15
684 1.10337e-15
685 1.15851e-15
686 1.21628e-15
687 1.27641e-15
688 1.33844e-15
689 1.40179e-15
690 1.466e-15
691 1.53085e-15
692 1.59643e-15
693 1.66302e-15
694 1.73079e-15
695 1.79967e-15
696 1.86929e-15
697 1.93914e-15
698 2.00886e-15
699 2.0785e-15
700 2.14848e-15
701 2.21932e-15
702 2.29124e-15
703 2.36394e-15
704 2.43672e-15
705 2.50894e-15
706 2.58042e-15
707 2.65155e-15
708 2.72295e-15
709 2.79486e-15
710 2.86683e-15
711 2.93794e-15
712 3.00741e-15
713 3.07509e-15
714 3.14158e-15
715 3.20771e-15
716 3.27383e-15
717 3.33956e-15
718 3.40406e-15
719 3.46671e-15
720 3.52756e-15
721 3.5871e-15
722 3.64577e-15
723 3.70348e-15
724 3.75971e-15
725 3.81416e-15
726 3.86714e-15
727 3.91953e-15
728 3.97208e-15
729 4.02479e-15
730 4.0769e-15
731 4.12759e-15
732 4.17678e-15
733 4.22545e-15
734 4.27506e-15
735 4.32641e-15
736 4.37889e-15
737 4.43071e-15
738 4.48021e-15
739 4.52717e-15
740 4.57319e-15
741 4.62065e-15
742 4.67078e-15
743 4.72257e-15
744 4.77337e-15
745 4.82082e-15
746 4.86462e-15
747 4.90672e-15
748 4.94968e-15
749 4.9946e-15
750 5.04015e-15
751 5.08361e-15
752 5.12288e-15
753 5.15799e-15
754 5.19087e-15
755 5.22364e-15
756 5.25673e-15
757 5.28832e-15
758 5.31552e-15
759 5.33638e-15
760 5.35124e-15
761 5.36232e-15
762 5.37197e-15
763 5.38081e-15
764 5.3872e-15
765 5.3885e-15
766 5.38309e-15
767 5.37169e-15
768 5.3569e-15
769 5.3413e-15
770 5.32556e-15
771 5.30797e-15
772 5.28584e-15
773 5.25751e-15
774 5.22358e-15
775 5.18639e-15
776 5.14829e-15
777 5.11015e-15
778 5.07133e-15
779 5.03116e-15
780 4.99061e-15
781 4.95263e-15
782 4.92047e-15
783 4.89519e-15
784 4.87424e-15
785 4.8526e-15
786 4.82605e-15
787 4.79429e-15
788 4.76161e-15
789 4.73439e-15
790 4.71683e-15
791 4.70784e-15
792 4.70124e-15
793 4.68923e-15
794 4.6668e-15
795 4.63405e-15
796 4.59534e-15
797 4.55609e-15
798 4.51964e-15
799 4.4864e-15
800 4.45555e-15
801 4.42749e-15
802 4.40462e-15
803 4.38964e-15
804 4.38262e-15
805 4.37961e-15
806 4.37433e-15
807 4.36201e-15
808 4.34259e-15
809 4.32083e-15
810 4.30303e-15
811 4.29239e-15
812 4.28651e-15
813 4.27883e-15
814 4.26286e-15
815 4.23606e-15
816 4.2007e-15
817 4.1614e-15
818 4.12144e-15
819 4.08074e-15
820 4.03715e-15
821 3.98965e-15
822 3.94078e-15
823 3.89585e-15
824 3.85922e-15
825 3.83045e-15
826 3.80365e-15
827 3.77093e-15
828 3.72749e-15
829 3.67462e-15
830 3.6185e-15
831 3.56554e-15
832 3.51767e-15
833 3.4712e-15
834 3.42022e-15
835 3.36158e-15
836 3.29766e-15
837 3.2346e-15
838 3.17727e-15
839 3.12513e-15
840 3.07252e-15
841 3.01342e-15
842 2.94694e-15
843 2.87901e-15
844 2.81861e-15
845 2.77092e-15
846 2.73291e-15
847 2.69531e-15
848 2.64967e-15
849 2.59491e-15
850 2.53822e-15
851 2.48962e-15
852 2.45385e-15
853 2.42633e-15
854 2.3969e-15
855 2.35843e-15
856 2.31305e-15
857 2.27127e-15
858 2.24388e-15
859 2.23275e-15
860 2.22851e-15
861 2.21786e-15
862 2.19418e-15
863 2.1631e-15
864 2.13876e-15
865 2.1326e-15
866 2.14332e-15
867 2.15725e-15
868 2.1593e-15
869 2.14498e-15
870 2.12432e-15
871 2.11464e-15
872 2.12634e-15
873 2.15322e-15
874 2.17694e-15
875 2.18181e-15
876 2.16742e-15
877 2.15003e-15
878 2.1506e-15
879 2.17665e-15
880 2.21376e-15
881 2.23608e-15
882 2.22675e-15
883 2.19267e-15
884 2.16395e-15
885 2.17423e-15
886 2.23122e-15
887 2.30399e-15
888 2.34004e-15
889 2.28982e-15
890 2.11213e-15
