0 60 0
1 60 0
2 60 0
3 60 0
4 60 0
5 60 0
6 60 0
7 60 0
8 60 0
9 60 0
10 60 0
11 60 0
12 60 0
13 60 0
14 60 0
15 60 0
16 60 0
17 60 0
18 60 0
19 60 0
20 60 0
21 60 0
22 60 0
23 60 0
24 60 0
25 60 0
26 60 0
27 60 0
28 60 0
29 60 0
30 60 0
31 60 0
32 60 0
33 60 0
34 60 0
35 60 0
36 60 0
37 60 0
38 60 0
39 60 0
40 60 0
41 60 0
42 60 0
43 60 0
44 60 0
45 60 0
46 60 0
47 60 0
48 60 0
49 60 0
50 60 0
51 60 0
52 60 0
53 60 0
54 60 0
55 60 0
56 60 0
57 60 0
58 60 0
59 60 0
60 60 0
61 60 0
62 60 0
63 60 0
64 60 0
65 60 0
66 60 0
67 60 0
68 60 0
69 60 0
70 60 0
71 60 0
72 60 0
73 60 0
74 60 0
75 60 0
76 60 0
77 60 0
78 60 0
79 60 0
80 60 0
81 60 0
82 60 0
83 60 0
84 60 0
85 60 0
86 60 0
87 60 0
88 60 0
89 60 0
90 60 0
91 60 0
92 60 0
93 60 0
94 60 0
95 60 0
96 60 0
97 60 0
98 60 0
99 60 0
100 60 0

0 61 0
1 61 0
2 61 0
3 61 0
4 61 0
5 61 0
6 61 0
7 61 0
8 61 0
9 61 0
10 61 0
11 61 0
12 61 0
13 61 0
14 61 0
15 61 0
16 61 0
17 61 0
18 61 0
19 61 0
20 61 0
21 61 0
22 61 0
23 61 0
24 61 0
25 61 0
26 61 0
27 61 0
28 61 0
29 61 0
30 61 0
31 61 0
32 61 0
33 61 0
34 61 0
35 61 0
36 61 0
37 61 0
38 61 0
39 61 0
40 61 0
41 61 0
42 61 0
43 61 0
44 61 0
45 61 0
46 61 0
47 61 0
48 61 0
49 61 0
50 61 0
51 61 0
52 61 0
53 61 0
54 61 0
55 61 0
56 61 0
57 61 0
58 61 0
59 61 0
60 61 0
61 61 0
62 61 0
63 61 0
64 61 0
65 61 0
66 61 0
67 61 0
68 61 0
69 61 0
70 61 0
71 61 0
72 61 0
73 61 0
74 61 0
75 61 0
76 61 0
77 61 0
78 61 0
79 61 0
80 61 0
81 61 0
82 61 0
83 61 0
84 61 0
85 61 0
86 61 0
87 61 0
88 61 0
89 61 0
90 61 0
91 61 0
92 61 0
93 61 0
94 61 0
95 61 0
96 61 0
97 61 0
98 61 0
99 61 0
100 61 0

0 62 0
1 62 0
2 62 0
3 62 0
4 62 0
5 62 0
6 62 0
7 62 0
8 62 0
9 62 0
10 62 0
11 62 0
12 62 0
13 62 0
14 62 0
15 62 0
16 62 0
17 62 0
18 62 0
19 62 0
20 62 0
21 62 0
22 62 0
23 62 0
24 62 0
25 62 0
26 62 0
27 62 0
28 62 0
29 62 0
30 62 0
31 62 0
32 62 0
33 62 0
34 62 0
35 62 0
36 62 0
37 62 0
38 62 0
39 62 0
40 62 0
41 62 0
42 62 0
43 62 0
44 62 0
45 62 0
46 62 0
47 62 0
48 62 0
49 62 0
50 62 0
51 62 0
52 62 0
53 62 0
54 62 0
55 62 0
56 62 0
57 62 0
58 62 0
59 62 0
60 62 0
61 62 0
62 62 0
63 62 0
64 62 0
65 62 0
66 62 0
67 62 0
68 62 0
69 62 0
70 62 0
71 62 0
72 62 0
73 62 0
74 62 0
75 62 0
76 62 0
77 62 0
78 62 0
79 62 0
80 62 0
81 62 0
82 62 0
83 62 0
84 62 0
85 62 0
86 62 0
87 62 0
88 62 0
89 62 0
90 62 0
91 62 0
92 62 0
93 62 0
94 62 0
95 62 0
96 62 0
97 62 0
98 62 0
99 62 0
100 62 0

0 63 0
1 63 0
2 63 0
3 63 0
4 63 0
5 63 0
6 63 0
7 63 0
8 63 0
9 63 0
10 63 0
11 63 0
12 63 0
13 63 0
14 63 0
15 63 0
16 63 0
17 63 0
18 63 0
19 63 0
20 63 0
21 63 0
22 63 0
23 63 0
24 63 0
25 63 0
26 63 0
27 63 0
28 63 0
29 63 0
30 63 0
31 63 0
32 63 0
33 63 0
34 63 0
35 63 0
36 63 0
37 63 0
38 63 0
39 63 0
40 63 0
41 63 0
42 63 0
43 63 0
44 63 0
45 63 0
46 63 0
47 63 0
48 63 0
49 63 0
50 63 0
51 63 0
52 63 0
53 63 0
54 63 0
55 63 0
56 63 0
57 63 0
58 63 0
59 63 0
60 63 0
61 63 0
62 63 0
63 63 0
64 63 0
65 63 0
66 63 0
67 63 0
68 63 0
69 63 0
70 63 0
71 63 0
72 63 0
73 63 0
74 63 0
75 63 0
76 63 0
77 63 0
78 63 0
79 63 0
80 63 0
81 63 0
82 63 0
83 63 0
84 63 0
85 63 0
86 63 0
87 63 0
88 63 0
89 63 0
90 63 0
91 63 0
92 63 0
93 63 0
94 63 0
95 63 0
96 63 0
97 63 0
98 63 0
99 63 0
100 63 0

0 64 0
1 64 0
2 64 0
3 64 0
4 64 0
5 64 0
6 64 0
7 64 0
8 64 0
9 64 0
10 64 0
11 64 0
12 64 0
13 64 0
14 64 0
15 64 0
16 64 0
17 64 0
18 64 0
19 64 0
20 64 0
21 64 0
22 64 0
23 64 0
24 64 0
25 64 0
26 64 0
27 64 0
28 64 0
29 64 0
30 64 0
31 64 0
32 64 0
33 64 0
34 64 0
35 64 0
36 64 0
37 64 0
38 64 0
39 64 0
40 64 0
41 64 0
42 64 0
43 64 0
44 64 0
45 64 0
46 64 0
47 64 0
48 64 0
49 64 0
50 64 0
51 64 0
52 64 0
53 64 0
54 64 0
55 64 0
56 64 0
57 64 0
58 64 0
59 64 0
60 64 0
61 64 0
62 64 0
63 64 0
64 64 0
65 64 0
66 64 0
67 64 0
68 64 0
69 64 0
70 64 0
71 64 0
72 64 0
73 64 0
74 64 0
75 64 0
76 64 0
77 64 0
78 64 0
79 64 0
80 64 0
81 64 0
82 64 0
83 64 0
84 64 0
85 64 0
86 64 0
87 64 0
88 64 0
89 64 0
90 64 0
91 64 0
92 64 0
93 64 0
94 64 0
95 64 0
96 64 0
97 64 0
98 64 0
99 64 0
100 64 0

0 65 0
1 65 0
2 65 0
3 65 0
4 65 0
5 65 0
6 65 0
7 65 0
8 65 0
9 65 0
10 65 0
11 65 0
12 65 0
13 65 0
14 65 0
15 65 0
16 65 0
17 65 0
18 65 0
19 65 0
20 65 0
21 65 0
22 65 0
23 65 0
24 65 0
25 65 0
26 65 0
27 65 0
28 65 0
29 65 0
30 65 0
31 65 0
32 65 0
33 65 0
34 65 0
35 65 0
36 65 0
37 65 0
38 65 0
39 65 0
40 65 0
41 65 0
42 65 0
43 65 0
44 65 0
45 65 0
46 65 0
47 65 0
48 65 0
49 65 0
50 65 0
51 65 0
52 65 0
53 65 0
54 65 0
55 65 0
56 65 0
57 65 0
58 65 0
59 65 0
60 65 0
61 65 0
62 65 0
63 65 0
64 65 0
65 65 0
66 65 0
67 65 0
68 65 0
69 65 0
70 65 0
71 65 0
72 65 0
73 65 0
74 65 0
75 65 0
76 65 0
77 65 0
78 65 0
79 65 0
80 65 0
81 65 0
82 65 0
83 65 0
84 65 0
85 65 0
86 65 0
87 65 0
88 65 0
89 65 0
90 65 0
91 65 0
92 65 0
93 65 0
94 65 0
95 65 0
96 65 0
97 65 0
98 65 0
99 65 0
100 65 0

0 66 1.00235e+06
1 66 1.00238e+06
2 66 1.00242e+06
3 66 1.00245e+06
4 66 1.00248e+06
5 66 1.00252e+06
6 66 1.00255e+06
7 66 1.00258e+06
8 66 1.00261e+06
9 66 1.00264e+06
10 66 1.00267e+06
11 66 1.0027e+06
12 66 1.00273e+06
13 66 1.00276e+06
14 66 1.00279e+06
15 66 1.00282e+06
16 66 1.00285e+06
17 66 1.00287e+06
18 66 1.0029e+06
19 66 1.00293e+06
20 66 1.00295e+06
21 66 1.00298e+06
22 66 1.003e+06
23 66 1.00302e+06
24 66 1.00305e+06
25 66 1.00307e+06
26 66 1.00309e+06
27 66 1.00311e+06
28 66 1.00313e+06
29 66 1.00315e+06
30 66 1.00317e+06
31 66 1.00319e+06
32 66 1.0032e+06
33 66 1.00322e+06
34 66 1.00323e+06
35 66 1.00325e+06
36 66 1.00326e+06
37 66 1.00328e+06
38 66 1.00329e+06
39 66 1.0033e+06
40 66 1.00331e+06
41 66 1.00332e+06
42 66 1.00332e+06
43 66 1.00333e+06
44 66 1.00334e+06
45 66 1.00334e+06
46 66 1.00335e+06
47 66 1.00335e+06
48 66 1.00335e+06
49 66 1.00335e+06
50 66 1.00335e+06
51 66 1.00335e+06
52 66 1.00335e+06
53 66 1.00335e+06
54 66 1.00335e+06
55 66 1.00334e+06
56 66 1.00334e+06
57 66 1.00333e+06
58 66 1.00332e+06
59 66 1.00332e+06
60 66 1.00331e+06
61 66 1.0033e+06
62 66 1.00329e+06
63 66 1.00328e+06
64 66 1.00326e+06
65 66 1.00325e+06
66 66 1.00323e+06
67 66 1.00322e+06
68 66 1.0032e+06
69 66 1.00319e+06
70 66 1.00317e+06
71 66 1.00315e+06
72 66 1.00313e+06
73 66 1.00311e+06
74 66 1.00309e+06
75 66 1.00307e+06
76 66 1.00305e+06
77 66 1.00302e+06
78 66 1.003e+06
79 66 1.00298e+06
80 66 1.00295e+06
81 66 1.00293e+06
82 66 1.0029e+06
83 66 1.00287e+06
84 66 1.00285e+06
85 66 1.00282e+06
86 66 1.00279e+06
87 66 1.00276e+06
88 66 1.00273e+06
89 66 1.0027e+06
90 66 1.00267e+06
91 66 1.00264e+06
92 66 1.00261e+06
93 66 1.00258e+06
94 66 1.00255e+06
95 66 1.00252e+06
96 66 1.00248e+06
97 66 1.00245e+06
98 66 1.00242e+06
99 66 1.00238e+06
100 66 1.00235e+06

0 67 1.01533e+06
1 67 1.01555e+06
2 67 1.01577e+06
3 67 1.01598e+06
4 67 1.01619e+06
5 67 1.0164e+06
6 67 1.01661e+06
7 67 1.01682e+06
8 67 1.01702e+06
9 67 1.01723e+06
10 67 1.01743e+06
11 67 1.01762e+06
12 67 1.01782e+06
13 67 1.01801e+06
14 67 1.01819e+06
15 67 1.01838e+06
16 67 1.01856e+06
17 67 1.01874e+06
18 67 1.01891e+06
19 67 1.01908e+06
20 67 1.01925e+06
21 67 1.01941e+06
22 67 1.01957e+06
23 67 1.01972e+06
24 67 1.01987e+06
25 67 1.02002e+06
26 67 1.02016e+06
27 67 1.02029e+06
28 67 1.02042e+06
29 67 1.02055e+06
30 67 1.02067e+06
31 67 1.02078e+06
32 67 1.02089e+06
33 67 1.02099e+06
34 67 1.02109e+06
35 67 1.02119e+06
36 67 1.02127e+06
37 67 1.02136e+06
38 67 1.02143e+06
39 67 1.0215e+06
40 67 1.02157e+06
41 67 1.02162e+06
42 67 1.02168e+06
43 67 1.02172e+06
44 67 1.02176e+06
45 67 1.0218e+06
46 67 1.02183e+06
47 67 1.02185e+06
48 67 1.02186e+06
49 67 1.02187e+06
50 67 1.02187e+06
51 67 1.02187e+06
52 67 1.02186e+06
53 67 1.02185e+06
54 67 1.02183e+06
55 67 1.0218e+06
56 67 1.02176e+06
57 67 1.02172e+06
58 67 1.02168e+06
59 67 1.02162e+06
60 67 1.02157e+06
61 67 1.0215e+06
62 67 1.02143e+06
63 67 1.02136e+06
64 67 1.02127e+06
65 67 1.02119e+06
66 67 1.02109e+06
67 67 1.02099e+06
68 67 1.02089e+06
69 67 1.02078e+06
70 67 1.02067e+06
71 67 1.02055e+06
72 67 1.02042e+06
73 67 1.02029e+06
74 67 1.02016e+06
75 67 1.02002e+06
76 67 1.01987e+06
77 67 1.01972e+06
78 67 1.01957e+06
79 67 1.01941e+06
80 67 1.01925e+06
81 67 1.01908e+06
82 67 1.01891e+06
83 67 1.01874e+06
84 67 1.01856e+06
85 67 1.01838e+06
86 67 1.01819e+06
87 67 1.01801e+06
88 67 1.01782e+06
89 67 1.01762e+06
90 67 1.01743e+06
91 67 1.01723e+06
92 67 1.01702e+06
93 67 1.01682e+06
94 67 1.01661e+06
95 67 1.0164e+06
96 67 1.01619e+06
97 67 1.01598e+06
98 67 1.01577e+06
99 67 1.01555e+06
100 67 1.01533e+06

0 68 3.2336e+06
1 68 3.23691e+06
2 68 3.2402e+06
3 68 3.24347e+06
4 68 3.24671e+06
5 68 3.24992e+06
6 68 3.2531e+06
7 68 3.25625e+06
8 68 3.25936e+06
9 68 3.26244e+06
10 68 3.26548e+06
11 68 3.26848e+06
12 68 3.27143e+06
13 68 3.27434e+06
14 68 3.2772e+06
15 68 3.28001e+06
16 68 3.28277e+06
17 68 3.28548e+06
18 68 3.28813e+06
19 68 3.29072e+06
20 68 3.29325e+06
21 68 3.29572e+06
22 68 3.29813e+06
23 68 3.30047e+06
24 68 3.30274e+06
25 68 3.30494e+06
26 68 3.30707e+06
27 68 3.30913e+06
28 68 3.31111e+06
29 68 3.31302e+06
30 68 3.31485e+06
31 68 3.3166e+06
32 68 3.31827e+06
33 68 3.31986e+06
34 68 3.32136e+06
35 68 3.32278e+06
36 68 3.32411e+06
37 68 3.32536e+06
38 68 3.32652e+06
39 68 3.32759e+06
40 68 3.32857e+06
41 68 3.32945e+06
42 68 3.33025e+06
43 68 3.33096e+06
44 68 3.33157e+06
45 68 3.33209e+06
46 68 3.33251e+06
47 68 3.33284e+06
48 68 3.33308e+06
49 68 3.33322e+06
50 68 3.33327e+06
51 68 3.33322e+06
52 68 3.33308e+06
53 68 3.33284e+06
54 68 3.33251e+06
55 68 3.33209e+06
56 68 3.33157e+06
57 68 3.33096e+06
58 68 3.33025e+06
59 68 3.32945e+06
60 68 3.32857e+06
61 68 3.32759e+06
62 68 3.32652e+06
63 68 3.32536e+06
64 68 3.32411e+06
65 68 3.32278e+06
66 68 3.32136e+06
67 68 3.31986e+06
68 68 3.31827e+06
69 68 3.3166e+06
70 68 3.31485e+06
71 68 3.31302e+06
72 68 3.31111e+06
73 68 3.30913e+06
74 68 3.30707e+06
75 68 3.30494e+06
76 68 3.30274e+06
77 68 3.30047e+06
78 68 3.29813e+06
79 68 3.29572e+06
80 68 3.29325e+06
81 68 3.29072e+06
82 68 3.28813e+06
83 68 3.28548e+06
84 68 3.28277e+06
85 68 3.28001e+06
86 68 3.2772e+06
87 68 3.27434e+06
88 68 3.27143e+06
89 68 3.26848e+06
90 68 3.26548e+06
91 68 3.26244e+06
92 68 3.25936e+06
93 68 3.25625e+06
94 68 3.2531e+06
95 68 3.24992e+06
96 68 3.24671e+06
97 68 3.24347e+06
98 68 3.2402e+06
99 68 3.23691e+06
100 68 3.2336e+06

0 69 9.15579e+06
1 69 9.18634e+06
2 69 9.21669e+06
3 69 9.24683e+06
4 69 9.27673e+06
5 69 9.30637e+06
6 69 9.33573e+06
7 69 9.36479e+06
8 69 9.39353e+06
9 69 9.42194e+06
10 69 9.44998e+06
11 69 9.47765e+06
12 69 9.50491e+06
13 69 9.53176e+06
14 69 9.55816e+06
15 69 9.58411e+06
16 69 9.60958e+06
17 69 9.63455e+06
18 69 9.659e+06
19 69 9.68292e+06
20 69 9.70628e+06
21 69 9.72907e+06
22 69 9.75127e+06
23 69 9.77286e+06
24 69 9.79383e+06
25 69 9.81415e+06
26 69 9.83382e+06
27 69 9.85281e+06
28 69 9.87112e+06
29 69 9.88872e+06
30 69 9.9056e+06
31 69 9.92176e+06
32 69 9.93716e+06
33 69 9.95181e+06
34 69 9.96569e+06
35 69 9.97878e+06
36 69 9.99109e+06
37 69 1.00026e+07
38 69 1.00133e+07
39 69 1.00231e+07
40 69 1.00322e+07
41 69 1.00404e+07
42 69 1.00477e+07
43 69 1.00542e+07
44 69 1.00599e+07
45 69 1.00647e+07
46 69 1.00686e+07
47 69 1.00717e+07
48 69 1.00738e+07
49 69 1.00751e+07
50 69 1.00756e+07
51 69 1.00751e+07
52 69 1.00738e+07
53 69 1.00717e+07
54 69 1.00686e+07
55 69 1.00647e+07
56 69 1.00599e+07
57 69 1.00542e+07
58 69 1.00477e+07
59 69 1.00404e+07
60 69 1.00322e+07
61 69 1.00231e+07
62 69 1.00133e+07
63 69 1.00026e+07
64 69 9.99109e+06
65 69 9.97878e+06
66 69 9.96569e+06
67 69 9.95181e+06
68 69 9.93716e+06
69 69 9.92176e+06
70 69 9.9056e+06
71 69 9.88872e+06
72 69 9.87112e+06
73 69 9.85281e+06
74 69 9.83382e+06
75 69 9.81415e+06
76 69 9.79383e+06
77 69 9.77286e+06
78 69 9.75127e+06
79 69 9.72907e+06
80 69 9.70628e+06
81 69 9.68292e+06
82 69 9.659e+06
83 69 9.63455e+06
84 69 9.60958e+06
85 69 9.58411e+06
86 69 9.55816e+06
87 69 9.53176e+06
88 69 9.50491e+06
89 69 9.47765e+06
90 69 9.44998e+06
91 69 9.42194e+06
92 69 9.39353e+06
93 69 9.36479e+06
94 69 9.33573e+06
95 69 9.30637e+06
96 69 9.27673e+06
97 69 9.24683e+06
98 69 9.21669e+06
99 69 9.18634e+06
100 69 9.15579e+06

0 70 2.72806e+07
1 70 2.74688e+07
2 70 2.76558e+07
3 70 2.78414e+07
4 70 2.80256e+07
5 70 2.82082e+07
6 70 2.83891e+07
7 70 2.85681e+07
8 70 2.87452e+07
9 70 2.89202e+07
10 70 2.90929e+07
11 70 2.92634e+07
12 70 2.94313e+07
13 70 2.95967e+07
14 70 2.97594e+07
15 70 2.99192e+07
16 70 3.00761e+07
17 70 3.02299e+07
18 70 3.03806e+07
19 70 3.05279e+07
20 70 3.06718e+07
21 70 3.08122e+07
22 70 3.0949e+07
23 70 3.1082e+07
24 70 3.12112e+07
25 70 3.13364e+07
26 70 3.14576e+07
27 70 3.15746e+07
28 70 3.16873e+07
29 70 3.17958e+07
30 70 3.18998e+07
31 70 3.19993e+07
32 70 3.20942e+07
33 70 3.21844e+07
34 70 3.22699e+07
35 70 3.23506e+07
36 70 3.24264e+07
37 70 3.24972e+07
38 70 3.25631e+07
39 70 3.26239e+07
40 70 3.26795e+07
41 70 3.27301e+07
42 70 3.27754e+07
43 70 3.28154e+07
44 70 3.28502e+07
45 70 3.28797e+07
46 70 3.29039e+07
47 70 3.29227e+07
48 70 3.29362e+07
49 70 3.29442e+07
50 70 3.29469e+07
51 70 3.29442e+07
52 70 3.29362e+07
53 70 3.29227e+07
54 70 3.29039e+07
55 70 3.28797e+07
56 70 3.28502e+07
57 70 3.28154e+07
58 70 3.27754e+07
59 70 3.27301e+07
60 70 3.26795e+07
61 70 3.26239e+07
62 70 3.25631e+07
63 70 3.24972e+07
64 70 3.24264e+07
65 70 3.23506e+07
66 70 3.22699e+07
67 70 3.21844e+07
68 70 3.20942e+07
69 70 3.19993e+07
70 70 3.18998e+07
71 70 3.17958e+07
72 70 3.16873e+07
73 70 3.15746e+07
74 70 3.14576e+07
75 70 3.13364e+07
76 70 3.12112e+07
77 70 3.1082e+07
78 70 3.0949e+07
79 70 3.08122e+07
80 70 3.06718e+07
81 70 3.05279e+07
82 70 3.03806e+07
83 70 3.02299e+07
84 70 3.00761e+07
85 70 2.99192e+07
86 70 2.97594e+07
87 70 2.95967e+07
88 70 2.94313e+07
89 70 2.92634e+07
90 70 2.90929e+07
91 70 2.89202e+07
92 70 2.87452e+07
93 70 2.85681e+07
94 70 2.83891e+07
95 70 2.82082e+07
96 70 2.80256e+07
97 70 2.78414e+07
98 70 2.76558e+07
99 70 2.74688e+07
100 70 2.72806e+07

0 71 8.18903e+07
1 71 8.26965e+07
2 71 8.34974e+07
3 71 8.42927e+07
4 71 8.50816e+07
5 71 8.58638e+07
6 71 8.66386e+07
7 71 8.74055e+07
8 71 8.81641e+07
9 71 8.89136e+07
10 71 8.96537e+07
11 71 9.03838e+07
12 71 9.11033e+07
13 71 9.18117e+07
14 71 9.25086e+07
15 71 9.31933e+07
16 71 9.38654e+07
17 71 9.45243e+07
18 71 9.51696e+07
19 71 9.58008e+07
20 71 9.64173e+07
21 71 9.70187e+07
22 71 9.76045e+07
23 71 9.81743e+07
24 71 9.87277e+07
25 71 9.9264e+07
26 71 9.97831e+07
27 71 1.00284e+08
28 71 1.00767e+08
29 71 1.01232e+08
30 71 1.01677e+08
31 71 1.02104e+08
32 71 1.0251e+08
33 71 1.02897e+08
34 71 1.03263e+08
35 71 1.03609e+08
36 71 1.03933e+08
37 71 1.04237e+08
38 71 1.04519e+08
39 71 1.04779e+08
40 71 1.05018e+08
41 71 1.05234e+08
42 71 1.05428e+08
43 71 1.056e+08
44 71 1.05749e+08
45 71 1.05875e+08
46 71 1.05979e+08
47 71 1.06059e+08
48 71 1.06117e+08
49 71 1.06152e+08
50 71 1.06163e+08
51 71 1.06152e+08
52 71 1.06117e+08
53 71 1.06059e+08
54 71 1.05979e+08
55 71 1.05875e+08
56 71 1.05749e+08
57 71 1.056e+08
58 71 1.05428e+08
59 71 1.05234e+08
60 71 1.05018e+08
61 71 1.04779e+08
62 71 1.04519e+08
63 71 1.04237e+08
64 71 1.03933e+08
65 71 1.03609e+08
66 71 1.03263e+08
67 71 1.02897e+08
68 71 1.0251e+08
69 71 1.02104e+08
70 71 1.01677e+08
71 71 1.01232e+08
72 71 1.00767e+08
73 71 1.00284e+08
74 71 9.97831e+07
75 71 9.9264e+07
76 71 9.87277e+07
77 71 9.81743e+07
78 71 9.76045e+07
79 71 9.70187e+07
80 71 9.64173e+07
81 71 9.58008e+07
82 71 9.51696e+07
83 71 9.45243e+07
84 71 9.38654e+07
85 71 9.31933e+07
86 71 9.25086e+07
87 71 9.18117e+07
88 71 9.11033e+07
89 71 9.03838e+07
90 71 8.96537e+07
91 71 8.89136e+07
92 71 8.81641e+07
93 71 8.74055e+07
94 71 8.66386e+07
95 71 8.58638e+07
96 71 8.50816e+07
97 71 8.42927e+07
98 71 8.34974e+07
99 71 8.26965e+07
100 71 8.18903e+07

0 72 2.15307e+08
1 72 2.17778e+08
2 72 2.20232e+08
3 72 2.22668e+08
4 72 2.25086e+08
5 72 2.27482e+08
6 72 2.29856e+08
7 72 2.32206e+08
8 72 2.3453e+08
9 72 2.36826e+08
10 72 2.39094e+08
11 72 2.41331e+08
12 72 2.43535e+08
13 72 2.45706e+08
14 72 2.47841e+08
15 72 2.49939e+08
16 72 2.51998e+08
17 72 2.54017e+08
18 72 2.55994e+08
19 72 2.57928e+08
20 72 2.59817e+08
21 72 2.6166e+08
22 72 2.63455e+08
23 72 2.65201e+08
24 72 2.66896e+08
25 72 2.68539e+08
26 72 2.7013e+08
27 72 2.71665e+08
28 72 2.73145e+08
29 72 2.74569e+08
30 72 2.75934e+08
31 72 2.7724e+08
32 72 2.78485e+08
33 72 2.7967e+08
34 72 2.80792e+08
35 72 2.81851e+08
36 72 2.82845e+08
37 72 2.83775e+08
38 72 2.8464e+08
39 72 2.85437e+08
40 72 2.86168e+08
41 72 2.86831e+08
42 72 2.87426e+08
43 72 2.87952e+08
44 72 2.88408e+08
45 72 2.88795e+08
46 72 2.89113e+08
47 72 2.8936e+08
48 72 2.89536e+08
49 72 2.89642e+08
50 72 2.89678e+08
51 72 2.89642e+08
52 72 2.89536e+08
53 72 2.8936e+08
54 72 2.89113e+08
55 72 2.88795e+08
56 72 2.88408e+08
57 72 2.87952e+08
58 72 2.87426e+08
59 72 2.86831e+08
60 72 2.86168e+08
61 72 2.85437e+08
62 72 2.8464e+08
63 72 2.83775e+08
64 72 2.82845e+08
65 72 2.81851e+08
66 72 2.80792e+08
67 72 2.7967e+08
68 72 2.78485e+08
69 72 2.7724e+08
70 72 2.75934e+08
71 72 2.74569e+08
72 72 2.73145e+08
73 72 2.71665e+08
74 72 2.7013e+08
75 72 2.68539e+08
76 72 2.66896e+08
77 72 2.65201e+08
78 72 2.63455e+08
79 72 2.6166e+08
80 72 2.59817e+08
81 72 2.57928e+08
82 72 2.55994e+08
83 72 2.54017e+08
84 72 2.51998e+08
85 72 2.49939e+08
86 72 2.47841e+08
87 72 2.45706e+08
88 72 2.43535e+08
89 72 2.41331e+08
90 72 2.39094e+08
91 72 2.36826e+08
92 72 2.3453e+08
93 72 2.32206e+08
94 72 2.29856e+08
95 72 2.27482e+08
96 72 2.25086e+08
97 72 2.22668e+08
98 72 2.20232e+08
99 72 2.17778e+08
100 72 2.15307e+08

0 73 4.52702e+08
1 73 4.58225e+08
2 73 4.63712e+08
3 73 4.69159e+08
4 73 4.74563e+08
5 73 4.79921e+08
6 73 4.85229e+08
7 73 4.90482e+08
8 73 4.95678e+08
9 73 5.00813e+08
10 73 5.05883e+08
11 73 5.10883e+08
12 73 5.15812e+08
13 73 5.20665e+08
14 73 5.25438e+08
15 73 5.30129e+08
16 73 5.34733e+08
17 73 5.39246e+08
18 73 5.43667e+08
19 73 5.4799e+08
20 73 5.52213e+08
21 73 5.56333e+08
22 73 5.60346e+08
23 73 5.64249e+08
24 73 5.6804e+08
25 73 5.71714e+08
26 73 5.75269e+08
27 73 5.78703e+08
28 73 5.82012e+08
29 73 5.85194e+08
30 73 5.88246e+08
31 73 5.91165e+08
32 73 5.9395e+08
33 73 5.96598e+08
34 73 5.99107e+08
35 73 6.01474e+08
36 73 6.03698e+08
37 73 6.05777e+08
38 73 6.07709e+08
39 73 6.09493e+08
40 73 6.11127e+08
41 73 6.12609e+08
42 73 6.13939e+08
43 73 6.15114e+08
44 73 6.16135e+08
45 73 6.17001e+08
46 73 6.1771e+08
47 73 6.18262e+08
48 73 6.18657e+08
49 73 6.18894e+08
50 73 6.18973e+08
51 73 6.18894e+08
52 73 6.18657e+08
53 73 6.18262e+08
54 73 6.1771e+08
55 73 6.17001e+08
56 73 6.16135e+08
57 73 6.15114e+08
58 73 6.13939e+08
59 73 6.12609e+08
60 73 6.11127e+08
61 73 6.09493e+08
62 73 6.07709e+08
63 73 6.05777e+08
64 73 6.03698e+08
65 73 6.01474e+08
66 73 5.99107e+08
67 73 5.96598e+08
68 73 5.9395e+08
69 73 5.91165e+08
70 73 5.88246e+08
71 73 5.85194e+08
72 73 5.82012e+08
73 73 5.78703e+08
74 73 5.75269e+08
75 73 5.71714e+08
76 73 5.6804e+08
77 73 5.64249e+08
78 73 5.60346e+08
79 73 5.56333e+08
80 73 5.52213e+08
81 73 5.4799e+08
82 73 5.43667e+08
83 73 5.39246e+08
84 73 5.34733e+08
85 73 5.30129e+08
86 73 5.25438e+08
87 73 5.20665e+08
88 73 5.15812e+08
89 73 5.10883e+08
90 73 5.05883e+08
91 73 5.00813e+08
92 73 4.95678e+08
93 73 4.90482e+08
94 73 4.85229e+08
95 73 4.79921e+08
96 73 4.74563e+08
97 73 4.69159e+08
98 73 4.63712e+08
99 73 4.58225e+08
100 73 4.52702e+08

0 74 7.28853e+08
1 74 7.37892e+08
2 74 7.46873e+08
3 74 7.55789e+08
4 74 7.64635e+08
5 74 7.73404e+08
6 74 7.82091e+08
7 74 7.9069e+08
8 74 7.99195e+08
9 74 8.07599e+08
10 74 8.15897e+08
11 74 8.24082e+08
12 74 8.32149e+08
13 74 8.40092e+08
14 74 8.47905e+08
15 74 8.55582e+08
16 74 8.63118e+08
17 74 8.70506e+08
18 74 8.77741e+08
19 74 8.84817e+08
20 74 8.9173e+08
21 74 8.98473e+08
22 74 9.05041e+08
23 74 9.1143e+08
24 74 9.17634e+08
25 74 9.23648e+08
26 74 9.29467e+08
27 74 9.35087e+08
28 74 9.40503e+08
29 74 9.45711e+08
30 74 9.50706e+08
31 74 9.55485e+08
32 74 9.60043e+08
33 74 9.64377e+08
34 74 9.68483e+08
35 74 9.72358e+08
36 74 9.75999e+08
37 74 9.79402e+08
38 74 9.82564e+08
39 74 9.85483e+08
40 74 9.88157e+08
41 74 9.90583e+08
42 74 9.9276e+08
43 74 9.94684e+08
44 74 9.96356e+08
45 74 9.97772e+08
46 74 9.98933e+08
47 74 9.99837e+08
48 74 1.00048e+09
49 74 1.00087e+09
50 74 1.001e+09
51 74 1.00087e+09
52 74 1.00048e+09
53 74 9.99837e+08
54 74 9.98933e+08
55 74 9.97772e+08
56 74 9.96356e+08
57 74 9.94684e+08
58 74 9.9276e+08
59 74 9.90583e+08
60 74 9.88157e+08
61 74 9.85483e+08
62 74 9.82564e+08
63 74 9.79402e+08
64 74 9.75999e+08
65 74 9.72358e+08
66 74 9.68483e+08
67 74 9.64377e+08
68 74 9.60043e+08
69 74 9.55485e+08
70 74 9.50706e+08
71 74 9.45711e+08
72 74 9.40503e+08
73 74 9.35087e+08
74 74 9.29467e+08
75 74 9.23648e+08
76 74 9.17634e+08
77 74 9.1143e+08
78 74 9.05041e+08
79 74 8.98473e+08
80 74 8.9173e+08
81 74 8.84817e+08
82 74 8.77741e+08
83 74 8.70506e+08
84 74 8.63118e+08
85 74 8.55582e+08
86 74 8.47905e+08
87 74 8.40092e+08
88 74 8.32149e+08
89 74 8.24082e+08
90 74 8.15897e+08
91 74 8.07599e+08
92 74 7.99195e+08
93 74 7.9069e+08
94 74 7.82091e+08
95 74 7.73404e+08
96 74 7.64635e+08
97 74 7.55789e+08
98 74 7.46873e+08
99 74 7.37892e+08
100 74 7.28853e+08

0 75 8.98219e+08
1 75 9.09176e+08
2 75 9.20063e+08
3 75 9.30871e+08
4 75 9.41594e+08
5 75 9.52225e+08
6 75 9.62756e+08
7 75 9.73179e+08
8 75 9.83489e+08
9 75 9.93676e+08
10 75 1.00374e+09
11 75 1.01366e+09
12 75 1.02344e+09
13 75 1.03307e+09
14 75 1.04254e+09
15 75 1.05184e+09
16 75 1.06098e+09
17 75 1.06993e+09
18 75 1.0787e+09
19 75 1.08728e+09
20 75 1.09566e+09
21 75 1.10384e+09
22 75 1.1118e+09
23 75 1.11954e+09
24 75 1.12706e+09
25 75 1.13435e+09
26 75 1.14141e+09
27 75 1.14822e+09
28 75 1.15479e+09
29 75 1.1611e+09
30 75 1.16715e+09
31 75 1.17295e+09
32 75 1.17847e+09
33 75 1.18373e+09
34 75 1.1887e+09
35 75 1.1934e+09
36 75 1.19781e+09
37 75 1.20194e+09
38 75 1.20577e+09
39 75 1.20931e+09
40 75 1.21255e+09
41 75 1.21549e+09
42 75 1.21813e+09
43 75 1.22047e+09
44 75 1.22249e+09
45 75 1.22421e+09
46 75 1.22562e+09
47 75 1.22671e+09
48 75 1.22749e+09
49 75 1.22796e+09
50 75 1.22812e+09
51 75 1.22796e+09
52 75 1.22749e+09
53 75 1.22671e+09
54 75 1.22562e+09
55 75 1.22421e+09
56 75 1.22249e+09
57 75 1.22047e+09
58 75 1.21813e+09
59 75 1.21549e+09
60 75 1.21255e+09
61 75 1.20931e+09
62 75 1.20577e+09
63 75 1.20194e+09
64 75 1.19781e+09
65 75 1.1934e+09
66 75 1.1887e+09
67 75 1.18373e+09
68 75 1.17847e+09
69 75 1.17295e+09
70 75 1.16715e+09
71 75 1.1611e+09
72 75 1.15479e+09
73 75 1.14822e+09
74 75 1.14141e+09
75 75 1.13435e+09
76 75 1.12706e+09
77 75 1.11954e+09
78 75 1.1118e+09
79 75 1.10384e+09
80 75 1.09566e+09
81 75 1.08728e+09
82 75 1.0787e+09
83 75 1.06993e+09
84 75 1.06098e+09
85 75 1.05184e+09
86 75 1.04254e+09
87 75 1.03307e+09
88 75 1.02344e+09
89 75 1.01366e+09
90 75 1.00374e+09
91 75 9.93676e+08
92 75 9.83489e+08
93 75 9.73179e+08
94 75 9.62756e+08
95 75 9.52225e+08
96 75 9.41594e+08
97 75 9.30871e+08
98 75 9.20063e+08
99 75 9.09176e+08
100 75 8.98219e+08

0 76 8.55978e+08
1 76 8.65798e+08
2 76 8.75555e+08
3 76 8.85242e+08
4 76 8.94852e+08
5 76 9.0438e+08
6 76 9.13818e+08
7 76 9.2316e+08
8 76 9.32399e+08
9 76 9.4153e+08
10 76 9.50545e+08
11 76 9.59437e+08
12 76 9.68202e+08
13 76 9.76831e+08
14 76 9.85319e+08
15 76 9.9366e+08
16 76 1.00185e+09
17 76 1.00987e+09
18 76 1.01773e+09
19 76 1.02542e+09
20 76 1.03293e+09
21 76 1.04026e+09
22 76 1.04739e+09
23 76 1.05433e+09
24 76 1.06107e+09
25 76 1.06761e+09
26 76 1.07393e+09
27 76 1.08004e+09
28 76 1.08592e+09
29 76 1.09158e+09
30 76 1.097e+09
31 76 1.1022e+09
32 76 1.10715e+09
33 76 1.11186e+09
34 76 1.11632e+09
35 76 1.12053e+09
36 76 1.12448e+09
37 76 1.12818e+09
38 76 1.13162e+09
39 76 1.13479e+09
40 76 1.13769e+09
41 76 1.14033e+09
42 76 1.14269e+09
43 76 1.14478e+09
44 76 1.1466e+09
45 76 1.14814e+09
46 76 1.1494e+09
47 76 1.15038e+09
48 76 1.15108e+09
49 76 1.1515e+09
50 76 1.15164e+09
51 76 1.1515e+09
52 76 1.15108e+09
53 76 1.15038e+09
54 76 1.1494e+09
55 76 1.14814e+09
56 76 1.1466e+09
57 76 1.14478e+09
58 76 1.14269e+09
59 76 1.14033e+09
60 76 1.13769e+09
61 76 1.13479e+09
62 76 1.13162e+09
63 76 1.12818e+09
64 76 1.12448e+09
65 76 1.12053e+09
66 76 1.11632e+09
67 76 1.11186e+09
68 76 1.10715e+09
69 76 1.1022e+09
70 76 1.097e+09
71 76 1.09158e+09
72 76 1.08592e+09
73 76 1.08004e+09
74 76 1.07393e+09
75 76 1.06761e+09
76 76 1.06107e+09
77 76 1.05433e+09
78 76 1.04739e+09
79 76 1.04026e+09
80 76 1.03293e+09
81 76 1.02542e+09
82 76 1.01773e+09
83 76 1.00987e+09
84 76 1.00185e+09
85 76 9.9366e+08
86 76 9.85319e+08
87 76 9.76831e+08
88 76 9.68202e+08
89 76 9.59437e+08
90 76 9.50545e+08
91 76 9.4153e+08
92 76 9.32399e+08
93 76 9.2316e+08
94 76 9.13818e+08
95 76 9.0438e+08
96 76 8.94852e+08
97 76 8.85242e+08
98 76 8.75555e+08
99 76 8.65798e+08
100 76 8.55978e+08

0 77 6.61673e+08
1 77 6.68187e+08
2 77 6.74659e+08
3 77 6.81085e+08
4 77 6.8746e+08
5 77 6.93779e+08
6 77 7.0004e+08
7 77 7.06237e+08
8 77 7.12366e+08
9 77 7.18422e+08
10 77 7.24402e+08
11 77 7.30301e+08
12 77 7.36115e+08
13 77 7.41839e+08
14 77 7.47469e+08
15 77 7.53002e+08
16 77 7.58432e+08
17 77 7.63756e+08
18 77 7.6897e+08
19 77 7.7407e+08
20 77 7.79052e+08
21 77 7.83911e+08
22 77 7.88645e+08
23 77 7.93249e+08
24 77 7.97719e+08
25 77 8.02053e+08
26 77 8.06247e+08
27 77 8.10297e+08
28 77 8.142e+08
29 77 8.17953e+08
30 77 8.21553e+08
31 77 8.24997e+08
32 77 8.28282e+08
33 77 8.31406e+08
34 77 8.34365e+08
35 77 8.37157e+08
36 77 8.39781e+08
37 77 8.42233e+08
38 77 8.44512e+08
39 77 8.46616e+08
40 77 8.48543e+08
41 77 8.50291e+08
42 77 8.51859e+08
43 77 8.53246e+08
44 77 8.54451e+08
45 77 8.55472e+08
46 77 8.56308e+08
47 77 8.5696e+08
48 77 8.57425e+08
49 77 8.57705e+08
50 77 8.57798e+08
51 77 8.57705e+08
52 77 8.57425e+08
53 77 8.5696e+08
54 77 8.56308e+08
55 77 8.55472e+08
56 77 8.54451e+08
57 77 8.53246e+08
58 77 8.51859e+08
59 77 8.50291e+08
60 77 8.48543e+08
61 77 8.46616e+08
62 77 8.44512e+08
63 77 8.42233e+08
64 77 8.39781e+08
65 77 8.37157e+08
66 77 8.34365e+08
67 77 8.31406e+08
68 77 8.28282e+08
69 77 8.24997e+08
70 77 8.21553e+08
71 77 8.17953e+08
72 77 8.142e+08
73 77 8.10297e+08
74 77 8.06247e+08
75 77 8.02053e+08
76 77 7.97719e+08
77 77 7.93249e+08
78 77 7.88645e+08
79 77 7.83911e+08
80 77 7.79052e+08
81 77 7.7407e+08
82 77 7.6897e+08
83 77 7.63756e+08
84 77 7.58432e+08
85 77 7.53002e+08
86 77 7.47469e+08
87 77 7.41839e+08
88 77 7.36115e+08
89 77 7.30301e+08
90 77 7.24402e+08
91 77 7.18422e+08
92 77 7.12366e+08
93 77 7.06237e+08
94 77 7.0004e+08
95 77 6.93779e+08
96 77 6.8746e+08
97 77 6.81085e+08
98 77 6.74659e+08
99 77 6.68187e+08
100 77 6.61673e+08

0 78 4.69616e+08
1 78 4.72856e+08
2 78 4.76075e+08
3 78 4.79271e+08
4 78 4.82441e+08
5 78 4.85584e+08
6 78 4.88698e+08
7 78 4.9178e+08
8 78 4.94828e+08
9 78 4.9784e+08
10 78 5.00814e+08
11 78 5.03748e+08
12 78 5.06639e+08
13 78 5.09486e+08
14 78 5.12287e+08
15 78 5.15038e+08
16 78 5.17739e+08
17 78 5.20387e+08
18 78 5.2298e+08
19 78 5.25516e+08
20 78 5.27994e+08
21 78 5.30411e+08
22 78 5.32765e+08
23 78 5.35055e+08
24 78 5.37278e+08
25 78 5.39434e+08
26 78 5.41519e+08
27 78 5.43534e+08
28 78 5.45475e+08
29 78 5.47342e+08
30 78 5.49132e+08
31 78 5.50845e+08
32 78 5.52479e+08
33 78 5.54032e+08
34 78 5.55504e+08
35 78 5.56892e+08
36 78 5.58197e+08
37 78 5.59417e+08
38 78 5.6055e+08
39 78 5.61597e+08
40 78 5.62555e+08
41 78 5.63425e+08
42 78 5.64205e+08
43 78 5.64894e+08
44 78 5.65493e+08
45 78 5.66001e+08
46 78 5.66417e+08
47 78 5.66741e+08
48 78 5.66973e+08
49 78 5.67112e+08
50 78 5.67158e+08
51 78 5.67112e+08
52 78 5.66973e+08
53 78 5.66741e+08
54 78 5.66417e+08
55 78 5.66001e+08
56 78 5.65493e+08
57 78 5.64894e+08
58 78 5.64205e+08
59 78 5.63425e+08
60 78 5.62555e+08
61 78 5.61597e+08
62 78 5.6055e+08
63 78 5.59417e+08
64 78 5.58197e+08
65 78 5.56892e+08
66 78 5.55504e+08
67 78 5.54032e+08
68 78 5.52479e+08
69 78 5.50845e+08
70 78 5.49132e+08
71 78 5.47342e+08
72 78 5.45475e+08
73 78 5.43534e+08
74 78 5.41519e+08
75 78 5.39434e+08
76 78 5.37278e+08
77 78 5.35055e+08
78 78 5.32765e+08
79 78 5.30411e+08
80 78 5.27994e+08
81 78 5.25516e+08
82 78 5.2298e+08
83 78 5.20387e+08
84 78 5.17739e+08
85 78 5.15038e+08
86 78 5.12287e+08
87 78 5.09486e+08
88 78 5.06639e+08
89 78 5.03748e+08
90 78 5.00814e+08
91 78 4.9784e+08
92 78 4.94828e+08
93 78 4.9178e+08
94 78 4.88698e+08
95 78 4.85584e+08
96 78 4.82441e+08
97 78 4.79271e+08
98 78 4.76075e+08
99 78 4.72856e+08
100 78 4.69616e+08

0 79 3.62308e+08
1 79 3.63517e+08
2 79 3.64718e+08
3 79 3.6591e+08
4 79 3.67093e+08
5 79 3.68266e+08
6 79 3.69428e+08
7 79 3.70578e+08
8 79 3.71715e+08
9 79 3.72839e+08
10 79 3.73949e+08
11 79 3.75044e+08
12 79 3.76123e+08
13 79 3.77185e+08
14 79 3.7823e+08
15 79 3.79257e+08
16 79 3.80265e+08
17 79 3.81253e+08
18 79 3.8222e+08
19 79 3.83167e+08
20 79 3.84091e+08
21 79 3.84993e+08
22 79 3.85872e+08
23 79 3.86726e+08
24 79 3.87556e+08
25 79 3.8836e+08
26 79 3.89138e+08
27 79 3.8989e+08
28 79 3.90614e+08
29 79 3.91311e+08
30 79 3.91979e+08
31 79 3.92618e+08
32 79 3.93228e+08
33 79 3.93807e+08
34 79 3.94356e+08
35 79 3.94875e+08
36 79 3.95362e+08
37 79 3.95817e+08
38 79 3.9624e+08
39 79 3.9663e+08
40 79 3.96988e+08
41 79 3.97312e+08
42 79 3.97603e+08
43 79 3.97861e+08
44 79 3.98084e+08
45 79 3.98274e+08
46 79 3.98429e+08
47 79 3.9855e+08
48 79 3.98636e+08
49 79 3.98688e+08
50 79 3.98705e+08
51 79 3.98688e+08
52 79 3.98636e+08
53 79 3.9855e+08
54 79 3.98429e+08
55 79 3.98274e+08
56 79 3.98084e+08
57 79 3.97861e+08
58 79 3.97603e+08
59 79 3.97312e+08
60 79 3.96988e+08
61 79 3.9663e+08
62 79 3.9624e+08
63 79 3.95817e+08
64 79 3.95362e+08
65 79 3.94875e+08
66 79 3.94356e+08
67 79 3.93807e+08
68 79 3.93228e+08
69 79 3.92618e+08
70 79 3.91979e+08
71 79 3.91311e+08
72 79 3.90614e+08
73 79 3.8989e+08
74 79 3.89138e+08
75 79 3.8836e+08
76 79 3.87556e+08
77 79 3.86726e+08
78 79 3.85872e+08
79 79 3.84993e+08
80 79 3.84091e+08
81 79 3.83167e+08
82 79 3.8222e+08
83 79 3.81253e+08
84 79 3.80265e+08
85 79 3.79257e+08
86 79 3.7823e+08
87 79 3.77185e+08
88 79 3.76123e+08
89 79 3.75044e+08
90 79 3.73949e+08
91 79 3.72839e+08
92 79 3.71715e+08
93 79 3.70578e+08
94 79 3.69428e+08
95 79 3.68266e+08
96 79 3.67093e+08
97 79 3.6591e+08
98 79 3.64718e+08
99 79 3.63517e+08
100 79 3.62308e+08

0 80 3.34139e+08
1 80 3.34481e+08
2 80 3.34821e+08
3 80 3.35158e+08
4 80 3.35493e+08
5 80 3.35825e+08
6 80 3.36154e+08
7 80 3.36479e+08
8 80 3.36801e+08
9 80 3.37119e+08
10 80 3.37433e+08
11 80 3.37743e+08
12 80 3.38048e+08
13 80 3.38349e+08
14 80 3.38644e+08
15 80 3.38935e+08
16 80 3.3922e+08
17 80 3.39499e+08
18 80 3.39773e+08
19 80 3.40041e+08
20 80 3.40303e+08
21 80 3.40558e+08
22 80 3.40806e+08
23 80 3.41048e+08
24 80 3.41283e+08
25 80 3.41511e+08
26 80 3.41731e+08
27 80 3.41943e+08
28 80 3.42148e+08
29 80 3.42346e+08
30 80 3.42535e+08
31 80 3.42715e+08
32 80 3.42888e+08
33 80 3.43052e+08
34 80 3.43207e+08
35 80 3.43354e+08
36 80 3.43492e+08
37 80 3.43621e+08
38 80 3.4374e+08
39 80 3.43851e+08
40 80 3.43952e+08
41 80 3.44044e+08
42 80 3.44126e+08
43 80 3.44199e+08
44 80 3.44262e+08
45 80 3.44316e+08
46 80 3.4436e+08
47 80 3.44394e+08
48 80 3.44418e+08
49 80 3.44433e+08
50 80 3.44438e+08
51 80 3.44433e+08
52 80 3.44418e+08
53 80 3.44394e+08
54 80 3.4436e+08
55 80 3.44316e+08
56 80 3.44262e+08
57 80 3.44199e+08
58 80 3.44126e+08
59 80 3.44044e+08
60 80 3.43952e+08
61 80 3.43851e+08
62 80 3.4374e+08
63 80 3.43621e+08
64 80 3.43492e+08
65 80 3.43354e+08
66 80 3.43207e+08
67 80 3.43052e+08
68 80 3.42888e+08
69 80 3.42715e+08
70 80 3.42535e+08
71 80 3.42346e+08
72 80 3.42148e+08
73 80 3.41943e+08
74 80 3.41731e+08
75 80 3.41511e+08
76 80 3.41283e+08
77 80 3.41048e+08
78 80 3.40806e+08
79 80 3.40558e+08
80 80 3.40303e+08
81 80 3.40041e+08
82 80 3.39773e+08
83 80 3.39499e+08
84 80 3.3922e+08
85 80 3.38935e+08
86 80 3.38644e+08
87 80 3.38349e+08
88 80 3.38048e+08
89 80 3.37743e+08
90 80 3.37433e+08
91 80 3.37119e+08
92 80 3.36801e+08
93 80 3.36479e+08
94 80 3.36154e+08
95 80 3.35825e+08
96 80 3.35493e+08
97 80 3.35158e+08
98 80 3.34821e+08
99 80 3.34481e+08
100 80 3.34139e+08

0 81 3.43183e+08
1 81 3.43256e+08
2 81 3.43329e+08
3 81 3.43401e+08
4 81 3.43473e+08
5 81 3.43545e+08
6 81 3.43615e+08
7 81 3.43685e+08
8 81 3.43754e+08
9 81 3.43822e+08
10 81 3.4389e+08
11 81 3.43956e+08
12 81 3.44022e+08
13 81 3.44086e+08
14 81 3.4415e+08
15 81 3.44212e+08
16 81 3.44273e+08
17 81 3.44333e+08
18 81 3.44392e+08
19 81 3.4445e+08
20 81 3.44506e+08
21 81 3.44561e+08
22 81 3.44614e+08
23 81 3.44666e+08
24 81 3.44716e+08
25 81 3.44765e+08
26 81 3.44813e+08
27 81 3.44858e+08
28 81 3.44902e+08
29 81 3.44944e+08
30 81 3.44985e+08
31 81 3.45024e+08
32 81 3.45061e+08
33 81 3.45096e+08
34 81 3.4513e+08
35 81 3.45161e+08
36 81 3.45191e+08
37 81 3.45218e+08
38 81 3.45244e+08
39 81 3.45268e+08
40 81 3.45289e+08
41 81 3.45309e+08
42 81 3.45327e+08
43 81 3.45342e+08
44 81 3.45356e+08
45 81 3.45367e+08
46 81 3.45377e+08
47 81 3.45384e+08
48 81 3.4539e+08
49 81 3.45393e+08
50 81 3.45394e+08
51 81 3.45393e+08
52 81 3.4539e+08
53 81 3.45384e+08
54 81 3.45377e+08
55 81 3.45367e+08
56 81 3.45356e+08
57 81 3.45342e+08
58 81 3.45327e+08
59 81 3.45309e+08
60 81 3.45289e+08
61 81 3.45268e+08
62 81 3.45244e+08
63 81 3.45218e+08
64 81 3.45191e+08
65 81 3.45161e+08
66 81 3.4513e+08
67 81 3.45096e+08
68 81 3.45061e+08
69 81 3.45024e+08
70 81 3.44985e+08
71 81 3.44944e+08
72 81 3.44902e+08
73 81 3.44858e+08
74 81 3.44813e+08
75 81 3.44765e+08
76 81 3.44716e+08
77 81 3.44666e+08
78 81 3.44614e+08
79 81 3.44561e+08
80 81 3.44506e+08
81 81 3.4445e+08
82 81 3.44392e+08
83 81 3.44333e+08
84 81 3.44273e+08
85 81 3.44212e+08
86 81 3.4415e+08
87 81 3.44086e+08
88 81 3.44022e+08
89 81 3.43956e+08
90 81 3.4389e+08
91 81 3.43822e+08
92 81 3.43754e+08
93 81 3.43685e+08
94 81 3.43615e+08
95 81 3.43545e+08
96 81 3.43473e+08
97 81 3.43401e+08
98 81 3.43329e+08
99 81 3.43256e+08
100 81 3.43183e+08

0 82 3.62851e+08
1 82 3.62863e+08
2 82 3.62875e+08
3 82 3.62887e+08
4 82 3.62899e+08
5 82 3.62911e+08
6 82 3.62922e+08
7 82 3.62934e+08
8 82 3.62945e+08
9 82 3.62956e+08
10 82 3.62967e+08
11 82 3.62978e+08
12 82 3.62989e+08
13 82 3.63e+08
14 82 3.6301e+08
15 82 3.6302e+08
16 82 3.6303e+08
17 82 3.6304e+08
18 82 3.6305e+08
19 82 3.63059e+08
20 82 3.63069e+08
21 82 3.63078e+08
22 82 3.63086e+08
23 82 3.63095e+08
24 82 3.63103e+08
25 82 3.63111e+08
26 82 3.63119e+08
27 82 3.63126e+08
28 82 3.63134e+08
29 82 3.63141e+08
30 82 3.63147e+08
31 82 3.63154e+08
32 82 3.6316e+08
33 82 3.63166e+08
34 82 3.63171e+08
35 82 3.63176e+08
36 82 3.63181e+08
37 82 3.63186e+08
38 82 3.6319e+08
39 82 3.63194e+08
40 82 3.63197e+08
41 82 3.632e+08
42 82 3.63203e+08
43 82 3.63206e+08
44 82 3.63208e+08
45 82 3.6321e+08
46 82 3.63212e+08
47 82 3.63213e+08
48 82 3.63214e+08
49 82 3.63214e+08
50 82 3.63214e+08
51 82 3.63214e+08
52 82 3.63214e+08
53 82 3.63213e+08
54 82 3.63212e+08
55 82 3.6321e+08
56 82 3.63208e+08
57 82 3.63206e+08
58 82 3.63203e+08
59 82 3.632e+08
60 82 3.63197e+08
61 82 3.63194e+08
62 82 3.6319e+08
63 82 3.63186e+08
64 82 3.63181e+08
65 82 3.63176e+08
66 82 3.63171e+08
67 82 3.63166e+08
68 82 3.6316e+08
69 82 3.63154e+08
70 82 3.63147e+08
71 82 3.63141e+08
72 82 3.63134e+08
73 82 3.63126e+08
74 82 3.63119e+08
75 82 3.63111e+08
76 82 3.63103e+08
77 82 3.63095e+08
78 82 3.63086e+08
79 82 3.63078e+08
80 82 3.63069e+08
81 82 3.63059e+08
82 82 3.6305e+08
83 82 3.6304e+08
84 82 3.6303e+08
85 82 3.6302e+08
86 82 3.6301e+08
87 82 3.63e+08
88 82 3.62989e+08
89 82 3.62978e+08
90 82 3.62967e+08
91 82 3.62956e+08
92 82 3.62945e+08
93 82 3.62934e+08
94 82 3.62922e+08
95 82 3.62911e+08
96 82 3.62899e+08
97 82 3.62887e+08
98 82 3.62875e+08
99 82 3.62863e+08
100 82 3.62851e+08

0 83 3.82107e+08
1 83 3.82109e+08
2 83 3.8211e+08
3 83 3.82112e+08
4 83 3.82113e+08
5 83 3.82115e+08
6 83 3.82116e+08
7 83 3.82118e+08
8 83 3.82119e+08
9 83 3.82121e+08
10 83 3.82122e+08
11 83 3.82123e+08
12 83 3.82125e+08
13 83 3.82126e+08
14 83 3.82127e+08
15 83 3.82129e+08
16 83 3.8213e+08
17 83 3.82131e+08
18 83 3.82132e+08
19 83 3.82134e+08
20 83 3.82135e+08
21 83 3.82136e+08
22 83 3.82137e+08
23 83 3.82138e+08
24 83 3.82139e+08
25 83 3.8214e+08
26 83 3.82141e+08
27 83 3.82142e+08
28 83 3.82143e+08
29 83 3.82144e+08
30 83 3.82145e+08
31 83 3.82145e+08
32 83 3.82146e+08
33 83 3.82147e+08
34 83 3.82148e+08
35 83 3.82148e+08
36 83 3.82149e+08
37 83 3.82149e+08
38 83 3.8215e+08
39 83 3.8215e+08
40 83 3.82151e+08
41 83 3.82151e+08
42 83 3.82152e+08
43 83 3.82152e+08
44 83 3.82152e+08
45 83 3.82153e+08
46 83 3.82153e+08
47 83 3.82153e+08
48 83 3.82153e+08
49 83 3.82153e+08
50 83 3.82153e+08
51 83 3.82153e+08
52 83 3.82153e+08
53 83 3.82153e+08
54 83 3.82153e+08
55 83 3.82153e+08
56 83 3.82152e+08
57 83 3.82152e+08
58 83 3.82152e+08
59 83 3.82151e+08
60 83 3.82151e+08
61 83 3.8215e+08
62 83 3.8215e+08
63 83 3.82149e+08
64 83 3.82149e+08
65 83 3.82148e+08
66 83 3.82148e+08
67 83 3.82147e+08
68 83 3.82146e+08
69 83 3.82145e+08
70 83 3.82145e+08
71 83 3.82144e+08
72 83 3.82143e+08
73 83 3.82142e+08
74 83 3.82141e+08
75 83 3.8214e+08
76 83 3.82139e+08
77 83 3.82138e+08
78 83 3.82137e+08
79 83 3.82136e+08
80 83 3.82135e+08
81 83 3.82134e+08
82 83 3.82132e+08
83 83 3.82131e+08
84 83 3.8213e+08
85 83 3.82129e+08
86 83 3.82127e+08
87 83 3.82126e+08
88 83 3.82125e+08
89 83 3.82123e+08
90 83 3.82122e+08
91 83 3.82121e+08
92 83 3.82119e+08
93 83 3.82118e+08
94 83 3.82116e+08
95 83 3.82115e+08
96 83 3.82113e+08
97 83 3.82112e+08
98 83 3.8211e+08
99 83 3.82109e+08
100 83 3.82107e+08

0 84 4.0101e+08
1 84 4.01011e+08
2 84 4.01011e+08
3 84 4.01011e+08
4 84 4.01011e+08
5 84 4.01011e+08
6 84 4.01011e+08
7 84 4.01011e+08
8 84 4.01012e+08
9 84 4.01012e+08
10 84 4.01012e+08
11 84 4.01012e+08
12 84 4.01012e+08
13 84 4.01012e+08
14 84 4.01012e+08
15 84 4.01013e+08
16 84 4.01013e+08
17 84 4.01013e+08
18 84 4.01013e+08
19 84 4.01013e+08
20 84 4.01013e+08
21 84 4.01013e+08
22 84 4.01013e+08
23 84 4.01013e+08
24 84 4.01014e+08
25 84 4.01014e+08
26 84 4.01014e+08
27 84 4.01014e+08
28 84 4.01014e+08
29 84 4.01014e+08
30 84 4.01014e+08
31 84 4.01014e+08
32 84 4.01014e+08
33 84 4.01014e+08
34 84 4.01014e+08
35 84 4.01014e+08
36 84 4.01015e+08
37 84 4.01015e+08
38 84 4.01015e+08
39 84 4.01015e+08
40 84 4.01015e+08
41 84 4.01015e+08
42 84 4.01015e+08
43 84 4.01015e+08
44 84 4.01015e+08
45 84 4.01015e+08
46 84 4.01015e+08
47 84 4.01015e+08
48 84 4.01015e+08
49 84 4.01015e+08
50 84 4.01015e+08
51 84 4.01015e+08
52 84 4.01015e+08
53 84 4.01015e+08
54 84 4.01015e+08
55 84 4.01015e+08
56 84 4.01015e+08
57 84 4.01015e+08
58 84 4.01015e+08
59 84 4.01015e+08
60 84 4.01015e+08
61 84 4.01015e+08
62 84 4.01015e+08
63 84 4.01015e+08
64 84 4.01015e+08
65 84 4.01014e+08
66 84 4.01014e+08
67 84 4.01014e+08
68 84 4.01014e+08
69 84 4.01014e+08
70 84 4.01014e+08
71 84 4.01014e+08
72 84 4.01014e+08
73 84 4.01014e+08
74 84 4.01014e+08
75 84 4.01014e+08
76 84 4.01014e+08
77 84 4.01013e+08
78 84 4.01013e+08
79 84 4.01013e+08
80 84 4.01013e+08
81 84 4.01013e+08
82 84 4.01013e+08
83 84 4.01013e+08
84 84 4.01013e+08
85 84 4.01013e+08
86 84 4.01012e+08
87 84 4.01012e+08
88 84 4.01012e+08
89 84 4.01012e+08
90 84 4.01012e+08
91 84 4.01012e+08
92 84 4.01012e+08
93 84 4.01011e+08
94 84 4.01011e+08
95 84 4.01011e+08
96 84 4.01011e+08
97 84 4.01011e+08
98 84 4.01011e+08
99 84 4.01011e+08
100 84 4.0101e+08

0 85 4.24001e+08
1 85 4.24001e+08
2 85 4.24001e+08
3 85 4.24001e+08
4 85 4.24001e+08
5 85 4.24001e+08
6 85 4.24001e+08
7 85 4.24001e+08
8 85 4.24001e+08
9 85 4.24001e+08
10 85 4.24001e+08
11 85 4.24001e+08
12 85 4.24001e+08
13 85 4.24001e+08
14 85 4.24001e+08
15 85 4.24001e+08
16 85 4.24001e+08
17 85 4.24001e+08
18 85 4.24001e+08
19 85 4.24001e+08
20 85 4.24001e+08
21 85 4.24001e+08
22 85 4.24001e+08
23 85 4.24001e+08
24 85 4.24001e+08
25 85 4.24001e+08
26 85 4.24001e+08
27 85 4.24001e+08
28 85 4.24001e+08
29 85 4.24001e+08
30 85 4.24001e+08
31 85 4.24001e+08
32 85 4.24001e+08
33 85 4.24001e+08
34 85 4.24001e+08
35 85 4.24001e+08
36 85 4.24001e+08
37 85 4.24001e+08
38 85 4.24001e+08
39 85 4.24001e+08
40 85 4.24001e+08
41 85 4.24001e+08
42 85 4.24001e+08
43 85 4.24001e+08
44 85 4.24001e+08
45 85 4.24001e+08
46 85 4.24001e+08
47 85 4.24001e+08
48 85 4.24001e+08
49 85 4.24001e+08
50 85 4.24001e+08
51 85 4.24001e+08
52 85 4.24001e+08
53 85 4.24001e+08
54 85 4.24001e+08
55 85 4.24001e+08
56 85 4.24001e+08
57 85 4.24001e+08
58 85 4.24001e+08
59 85 4.24001e+08
60 85 4.24001e+08
61 85 4.24001e+08
62 85 4.24001e+08
63 85 4.24001e+08
64 85 4.24001e+08
65 85 4.24001e+08
66 85 4.24001e+08
67 85 4.24001e+08
68 85 4.24001e+08
69 85 4.24001e+08
70 85 4.24001e+08
71 85 4.24001e+08
72 85 4.24001e+08
73 85 4.24001e+08
74 85 4.24001e+08
75 85 4.24001e+08
76 85 4.24001e+08
77 85 4.24001e+08
78 85 4.24001e+08
79 85 4.24001e+08
80 85 4.24001e+08
81 85 4.24001e+08
82 85 4.24001e+08
83 85 4.24001e+08
84 85 4.24001e+08
85 85 4.24001e+08
86 85 4.24001e+08
87 85 4.24001e+08
88 85 4.24001e+08
89 85 4.24001e+08
90 85 4.24001e+08
91 85 4.24001e+08
92 85 4.24001e+08
93 85 4.24001e+08
94 85 4.24001e+08
95 85 4.24001e+08
96 85 4.24001e+08
97 85 4.24001e+08
98 85 4.24001e+08
99 85 4.24001e+08
100 85 4.24001e+08

0 86 4.72e+08
1 86 4.72e+08
2 86 4.72e+08
3 86 4.72e+08
4 86 4.72e+08
5 86 4.72e+08
6 86 4.72e+08
7 86 4.72e+08
8 86 4.72e+08
9 86 4.72e+08
10 86 4.72e+08
11 86 4.72e+08
12 86 4.72e+08
13 86 4.72e+08
14 86 4.72e+08
15 86 4.72e+08
16 86 4.72e+08
17 86 4.72e+08
18 86 4.72e+08
19 86 4.72e+08
20 86 4.72e+08
21 86 4.72e+08
22 86 4.72e+08
23 86 4.72e+08
24 86 4.72e+08
25 86 4.72e+08
26 86 4.72e+08
27 86 4.72e+08
28 86 4.72e+08
29 86 4.72e+08
30 86 4.72e+08
31 86 4.72e+08
32 86 4.72e+08
33 86 4.72e+08
34 86 4.72e+08
35 86 4.72e+08
36 86 4.72e+08
37 86 4.72e+08
38 86 4.72e+08
39 86 4.72e+08
40 86 4.72e+08
41 86 4.72e+08
42 86 4.72e+08
43 86 4.72e+08
44 86 4.72e+08
45 86 4.72e+08
46 86 4.72e+08
47 86 4.72e+08
48 86 4.72e+08
49 86 4.72e+08
50 86 4.72e+08
51 86 4.72e+08
52 86 4.72e+08
53 86 4.72e+08
54 86 4.72e+08
55 86 4.72e+08
56 86 4.72e+08
57 86 4.72e+08
58 86 4.72e+08
59 86 4.72e+08
60 86 4.72e+08
61 86 4.72e+08
62 86 4.72e+08
63 86 4.72e+08
64 86 4.72e+08
65 86 4.72e+08
66 86 4.72e+08
67 86 4.72e+08
68 86 4.72e+08
69 86 4.72e+08
70 86 4.72e+08
71 86 4.72e+08
72 86 4.72e+08
73 86 4.72e+08
74 86 4.72e+08
75 86 4.72e+08
76 86 4.72e+08
77 86 4.72e+08
78 86 4.72e+08
79 86 4.72e+08
80 86 4.72e+08
81 86 4.72e+08
82 86 4.72e+08
83 86 4.72e+08
84 86 4.72e+08
85 86 4.72e+08
86 86 4.72e+08
87 86 4.72e+08
88 86 4.72e+08
89 86 4.72e+08
90 86 4.72e+08
91 86 4.72e+08
92 86 4.72e+08
93 86 4.72e+08
94 86 4.72e+08
95 86 4.72e+08
96 86 4.72e+08
97 86 4.72e+08
98 86 4.72e+08
99 86 4.72e+08
100 86 4.72e+08

0 87 5.83e+08
1 87 5.83e+08
2 87 5.83e+08
3 87 5.83e+08
4 87 5.83e+08
5 87 5.83e+08
6 87 5.83e+08
7 87 5.83e+08
8 87 5.83e+08
9 87 5.83e+08
10 87 5.83e+08
11 87 5.83e+08
12 87 5.83e+08
13 87 5.83e+08
14 87 5.83e+08
15 87 5.83e+08
16 87 5.83e+08
17 87 5.83e+08
18 87 5.83e+08
19 87 5.83e+08
20 87 5.83e+08
21 87 5.83e+08
22 87 5.83e+08
23 87 5.83e+08
24 87 5.83e+08
25 87 5.83e+08
26 87 5.83e+08
27 87 5.83e+08
28 87 5.83e+08
29 87 5.83e+08
30 87 5.83e+08
31 87 5.83e+08
32 87 5.83e+08
33 87 5.83e+08
34 87 5.83e+08
35 87 5.83e+08
36 87 5.83e+08
37 87 5.83e+08
38 87 5.83e+08
39 87 5.83e+08
40 87 5.83e+08
41 87 5.83e+08
42 87 5.83e+08
43 87 5.83e+08
44 87 5.83e+08
45 87 5.83e+08
46 87 5.83e+08
47 87 5.83e+08
48 87 5.83e+08
49 87 5.83e+08
50 87 5.83e+08
51 87 5.83e+08
52 87 5.83e+08
53 87 5.83e+08
54 87 5.83e+08
55 87 5.83e+08
56 87 5.83e+08
57 87 5.83e+08
58 87 5.83e+08
59 87 5.83e+08
60 87 5.83e+08
61 87 5.83e+08
62 87 5.83e+08
63 87 5.83e+08
64 87 5.83e+08
65 87 5.83e+08
66 87 5.83e+08
67 87 5.83e+08
68 87 5.83e+08
69 87 5.83e+08
70 87 5.83e+08
71 87 5.83e+08
72 87 5.83e+08
73 87 5.83e+08
74 87 5.83e+08
75 87 5.83e+08
76 87 5.83e+08
77 87 5.83e+08
78 87 5.83e+08
79 87 5.83e+08
80 87 5.83e+08
81 87 5.83e+08
82 87 5.83e+08
83 87 5.83e+08
84 87 5.83e+08
85 87 5.83e+08
86 87 5.83e+08
87 87 5.83e+08
88 87 5.83e+08
89 87 5.83e+08
90 87 5.83e+08
91 87 5.83e+08
92 87 5.83e+08
93 87 5.83e+08
94 87 5.83e+08
95 87 5.83e+08
96 87 5.83e+08
97 87 5.83e+08
98 87 5.83e+08
99 87 5.83e+08
100 87 5.83e+08

0 88 8.41e+08
1 88 8.41e+08
2 88 8.41e+08
3 88 8.41e+08
4 88 8.41e+08
5 88 8.41e+08
6 88 8.41e+08
7 88 8.41e+08
8 88 8.41e+08
9 88 8.41e+08
10 88 8.41e+08
11 88 8.41e+08
12 88 8.41e+08
13 88 8.41e+08
14 88 8.41e+08
15 88 8.41e+08
16 88 8.41e+08
17 88 8.41e+08
18 88 8.41e+08
19 88 8.41e+08
20 88 8.41e+08
21 88 8.41e+08
22 88 8.41e+08
23 88 8.41e+08
24 88 8.41e+08
25 88 8.41e+08
26 88 8.41e+08
27 88 8.41e+08
28 88 8.41e+08
29 88 8.41e+08
30 88 8.41e+08
31 88 8.41e+08
32 88 8.41e+08
33 88 8.41e+08
34 88 8.41e+08
35 88 8.41e+08
36 88 8.41e+08
37 88 8.41e+08
38 88 8.41e+08
39 88 8.41e+08
40 88 8.41e+08
41 88 8.41e+08
42 88 8.41e+08
43 88 8.41e+08
44 88 8.41e+08
45 88 8.41e+08
46 88 8.41e+08
47 88 8.41e+08
48 88 8.41e+08
49 88 8.41e+08
50 88 8.41e+08
51 88 8.41e+08
52 88 8.41e+08
53 88 8.41e+08
54 88 8.41e+08
55 88 8.41e+08
56 88 8.41e+08
57 88 8.41e+08
58 88 8.41e+08
59 88 8.41e+08
60 88 8.41e+08
61 88 8.41e+08
62 88 8.41e+08
63 88 8.41e+08
64 88 8.41e+08
65 88 8.41e+08
66 88 8.41e+08
67 88 8.41e+08
68 88 8.41e+08
69 88 8.41e+08
70 88 8.41e+08
71 88 8.41e+08
72 88 8.41e+08
73 88 8.41e+08
74 88 8.41e+08
75 88 8.41e+08
76 88 8.41e+08
77 88 8.41e+08
78 88 8.41e+08
79 88 8.41e+08
80 88 8.41e+08
81 88 8.41e+08
82 88 8.41e+08
83 88 8.41e+08
84 88 8.41e+08
85 88 8.41e+08
86 88 8.41e+08
87 88 8.41e+08
88 88 8.41e+08
89 88 8.41e+08
90 88 8.41e+08
91 88 8.41e+08
92 88 8.41e+08
93 88 8.41e+08
94 88 8.41e+08
95 88 8.41e+08
96 88 8.41e+08
97 88 8.41e+08
98 88 8.41e+08
99 88 8.41e+08
100 88 8.41e+08

0 89 1.342e+09
1 89 1.342e+09
2 89 1.342e+09
3 89 1.342e+09
4 89 1.342e+09
5 89 1.342e+09
6 89 1.342e+09
7 89 1.342e+09
8 89 1.342e+09
9 89 1.342e+09
10 89 1.342e+09
11 89 1.342e+09
12 89 1.342e+09
13 89 1.342e+09
14 89 1.342e+09
15 89 1.342e+09
16 89 1.342e+09
17 89 1.342e+09
18 89 1.342e+09
19 89 1.342e+09
20 89 1.342e+09
21 89 1.342e+09
22 89 1.342e+09
23 89 1.342e+09
24 89 1.342e+09
25 89 1.342e+09
26 89 1.342e+09
27 89 1.342e+09
28 89 1.342e+09
29 89 1.342e+09
30 89 1.342e+09
31 89 1.342e+09
32 89 1.342e+09
33 89 1.342e+09
34 89 1.342e+09
35 89 1.342e+09
36 89 1.342e+09
37 89 1.342e+09
38 89 1.342e+09
39 89 1.342e+09
40 89 1.342e+09
41 89 1.342e+09
42 89 1.342e+09
43 89 1.342e+09
44 89 1.342e+09
45 89 1.342e+09
46 89 1.342e+09
47 89 1.342e+09
48 89 1.342e+09
49 89 1.342e+09
50 89 1.342e+09
51 89 1.342e+09
52 89 1.342e+09
53 89 1.342e+09
54 89 1.342e+09
55 89 1.342e+09
56 89 1.342e+09
57 89 1.342e+09
58 89 1.342e+09
59 89 1.342e+09
60 89 1.342e+09
61 89 1.342e+09
62 89 1.342e+09
63 89 1.342e+09
64 89 1.342e+09
65 89 1.342e+09
66 89 1.342e+09
67 89 1.342e+09
68 89 1.342e+09
69 89 1.342e+09
70 89 1.342e+09
71 89 1.342e+09
72 89 1.342e+09
73 89 1.342e+09
74 89 1.342e+09
75 89 1.342e+09
76 89 1.342e+09
77 89 1.342e+09
78 89 1.342e+09
79 89 1.342e+09
80 89 1.342e+09
81 89 1.342e+09
82 89 1.342e+09
83 89 1.342e+09
84 89 1.342e+09
85 89 1.342e+09
86 89 1.342e+09
87 89 1.342e+09
88 89 1.342e+09
89 89 1.342e+09
90 89 1.342e+09
91 89 1.342e+09
92 89 1.342e+09
93 89 1.342e+09
94 89 1.342e+09
95 89 1.342e+09
96 89 1.342e+09
97 89 1.342e+09
98 89 1.342e+09
99 89 1.342e+09
100 89 1.342e+09

0 90 1.932e+09
1 90 1.932e+09
2 90 1.932e+09
3 90 1.932e+09
4 90 1.932e+09
5 90 1.932e+09
6 90 1.932e+09
7 90 1.932e+09
8 90 1.932e+09
9 90 1.932e+09
10 90 1.932e+09
11 90 1.932e+09
12 90 1.932e+09
13 90 1.932e+09
14 90 1.932e+09
15 90 1.932e+09
16 90 1.932e+09
17 90 1.932e+09
18 90 1.932e+09
19 90 1.932e+09
20 90 1.932e+09
21 90 1.932e+09
22 90 1.932e+09
23 90 1.932e+09
24 90 1.932e+09
25 90 1.932e+09
26 90 1.932e+09
27 90 1.932e+09
28 90 1.932e+09
29 90 1.932e+09
30 90 1.932e+09
31 90 1.932e+09
32 90 1.932e+09
33 90 1.932e+09
34 90 1.932e+09
35 90 1.932e+09
36 90 1.932e+09
37 90 1.932e+09
38 90 1.932e+09
39 90 1.932e+09
40 90 1.932e+09
41 90 1.932e+09
42 90 1.932e+09
43 90 1.932e+09
44 90 1.932e+09
45 90 1.932e+09
46 90 1.932e+09
47 90 1.932e+09
48 90 1.932e+09
49 90 1.932e+09
50 90 1.932e+09
51 90 1.932e+09
52 90 1.932e+09
53 90 1.932e+09
54 90 1.932e+09
55 90 1.932e+09
56 90 1.932e+09
57 90 1.932e+09
58 90 1.932e+09
59 90 1.932e+09
60 90 1.932e+09
61 90 1.932e+09
62 90 1.932e+09
63 90 1.932e+09
64 90 1.932e+09
65 90 1.932e+09
66 90 1.932e+09
67 90 1.932e+09
68 90 1.932e+09
69 90 1.932e+09
70 90 1.932e+09
71 90 1.932e+09
72 90 1.932e+09
73 90 1.932e+09
74 90 1.932e+09
75 90 1.932e+09
76 90 1.932e+09
77 90 1.932e+09
78 90 1.932e+09
79 90 1.932e+09
80 90 1.932e+09
81 90 1.932e+09
82 90 1.932e+09
83 90 1.932e+09
84 90 1.932e+09
85 90 1.932e+09
86 90 1.932e+09
87 90 1.932e+09
88 90 1.932e+09
89 90 1.932e+09
90 90 1.932e+09
91 90 1.932e+09
92 90 1.932e+09
93 90 1.932e+09
94 90 1.932e+09
95 90 1.932e+09
96 90 1.932e+09
97 90 1.932e+09
98 90 1.932e+09
99 90 1.932e+09
100 90 1.932e+09

0 91 2.605e+09
1 91 2.605e+09
2 91 2.605e+09
3 91 2.605e+09
4 91 2.605e+09
5 91 2.605e+09
6 91 2.605e+09
7 91 2.605e+09
8 91 2.605e+09
9 91 2.605e+09
10 91 2.605e+09
11 91 2.605e+09
12 91 2.605e+09
13 91 2.605e+09
14 91 2.605e+09
15 91 2.605e+09
16 91 2.605e+09
17 91 2.605e+09
18 91 2.605e+09
19 91 2.605e+09
20 91 2.605e+09
21 91 2.605e+09
22 91 2.605e+09
23 91 2.605e+09
24 91 2.605e+09
25 91 2.605e+09
26 91 2.605e+09
27 91 2.605e+09
28 91 2.605e+09
29 91 2.605e+09
30 91 2.605e+09
31 91 2.605e+09
32 91 2.605e+09
33 91 2.605e+09
34 91 2.605e+09
35 91 2.605e+09
36 91 2.605e+09
37 91 2.605e+09
38 91 2.605e+09
39 91 2.605e+09
40 91 2.605e+09
41 91 2.605e+09
42 91 2.605e+09
43 91 2.605e+09
44 91 2.605e+09
45 91 2.605e+09
46 91 2.605e+09
47 91 2.605e+09
48 91 2.605e+09
49 91 2.605e+09
50 91 2.605e+09
51 91 2.605e+09
52 91 2.605e+09
53 91 2.605e+09
54 91 2.605e+09
55 91 2.605e+09
56 91 2.605e+09
57 91 2.605e+09
58 91 2.605e+09
59 91 2.605e+09
60 91 2.605e+09
61 91 2.605e+09
62 91 2.605e+09
63 91 2.605e+09
64 91 2.605e+09
65 91 2.605e+09
66 91 2.605e+09
67 91 2.605e+09
68 91 2.605e+09
69 91 2.605e+09
70 91 2.605e+09
71 91 2.605e+09
72 91 2.605e+09
73 91 2.605e+09
74 91 2.605e+09
75 91 2.605e+09
76 91 2.605e+09
77 91 2.605e+09
78 91 2.605e+09
79 91 2.605e+09
80 91 2.605e+09
81 91 2.605e+09
82 91 2.605e+09
83 91 2.605e+09
84 91 2.605e+09
85 91 2.605e+09
86 91 2.605e+09
87 91 2.605e+09
88 91 2.605e+09
89 91 2.605e+09
90 91 2.605e+09
91 91 2.605e+09
92 91 2.605e+09
93 91 2.605e+09
94 91 2.605e+09
95 91 2.605e+09
96 91 2.605e+09
97 91 2.605e+09
98 91 2.605e+09
99 91 2.605e+09
100 91 2.605e+09

0 92 3.319e+09
1 92 3.319e+09
2 92 3.319e+09
3 92 3.319e+09
4 92 3.319e+09
5 92 3.319e+09
6 92 3.319e+09
7 92 3.319e+09
8 92 3.319e+09
9 92 3.319e+09
10 92 3.319e+09
11 92 3.319e+09
12 92 3.319e+09
13 92 3.319e+09
14 92 3.319e+09
15 92 3.319e+09
16 92 3.319e+09
17 92 3.319e+09
18 92 3.319e+09
19 92 3.319e+09
20 92 3.319e+09
21 92 3.319e+09
22 92 3.319e+09
23 92 3.319e+09
24 92 3.319e+09
25 92 3.319e+09
26 92 3.319e+09
27 92 3.319e+09
28 92 3.319e+09
29 92 3.319e+09
30 92 3.319e+09
31 92 3.319e+09
32 92 3.319e+09
33 92 3.319e+09
34 92 3.319e+09
35 92 3.319e+09
36 92 3.319e+09
37 92 3.319e+09
38 92 3.319e+09
39 92 3.319e+09
40 92 3.319e+09
41 92 3.319e+09
42 92 3.319e+09
43 92 3.319e+09
44 92 3.319e+09
45 92 3.319e+09
46 92 3.319e+09
47 92 3.319e+09
48 92 3.319e+09
49 92 3.319e+09
50 92 3.319e+09
51 92 3.319e+09
52 92 3.319e+09
53 92 3.319e+09
54 92 3.319e+09
55 92 3.319e+09
56 92 3.319e+09
57 92 3.319e+09
58 92 3.319e+09
59 92 3.319e+09
60 92 3.319e+09
61 92 3.319e+09
62 92 3.319e+09
63 92 3.319e+09
64 92 3.319e+09
65 92 3.319e+09
66 92 3.319e+09
67 92 3.319e+09
68 92 3.319e+09
69 92 3.319e+09
70 92 3.319e+09
71 92 3.319e+09
72 92 3.319e+09
73 92 3.319e+09
74 92 3.319e+09
75 92 3.319e+09
76 92 3.319e+09
77 92 3.319e+09
78 92 3.319e+09
79 92 3.319e+09
80 92 3.319e+09
81 92 3.319e+09
82 92 3.319e+09
83 92 3.319e+09
84 92 3.319e+09
85 92 3.319e+09
86 92 3.319e+09
87 92 3.319e+09
88 92 3.319e+09
89 92 3.319e+09
90 92 3.319e+09
91 92 3.319e+09
92 92 3.319e+09
93 92 3.319e+09
94 92 3.319e+09
95 92 3.319e+09
96 92 3.319e+09
97 92 3.319e+09
98 92 3.319e+09
99 92 3.319e+09
100 92 3.319e+09

0 93 4.029e+09
1 93 4.029e+09
2 93 4.029e+09
3 93 4.029e+09
4 93 4.029e+09
5 93 4.029e+09
6 93 4.029e+09
7 93 4.029e+09
8 93 4.029e+09
9 93 4.029e+09
10 93 4.029e+09
11 93 4.029e+09
12 93 4.029e+09
13 93 4.029e+09
14 93 4.029e+09
15 93 4.029e+09
16 93 4.029e+09
17 93 4.029e+09
18 93 4.029e+09
19 93 4.029e+09
20 93 4.029e+09
21 93 4.029e+09
22 93 4.029e+09
23 93 4.029e+09
24 93 4.029e+09
25 93 4.029e+09
26 93 4.029e+09
27 93 4.029e+09
28 93 4.029e+09
29 93 4.029e+09
30 93 4.029e+09
31 93 4.029e+09
32 93 4.029e+09
33 93 4.029e+09
34 93 4.029e+09
35 93 4.029e+09
36 93 4.029e+09
37 93 4.029e+09
38 93 4.029e+09
39 93 4.029e+09
40 93 4.029e+09
41 93 4.029e+09
42 93 4.029e+09
43 93 4.029e+09
44 93 4.029e+09
45 93 4.029e+09
46 93 4.029e+09
47 93 4.029e+09
48 93 4.029e+09
49 93 4.029e+09
50 93 4.029e+09
51 93 4.029e+09
52 93 4.029e+09
53 93 4.029e+09
54 93 4.029e+09
55 93 4.029e+09
56 93 4.029e+09
57 93 4.029e+09
58 93 4.029e+09
59 93 4.029e+09
60 93 4.029e+09
61 93 4.029e+09
62 93 4.029e+09
63 93 4.029e+09
64 93 4.029e+09
65 93 4.029e+09
66 93 4.029e+09
67 93 4.029e+09
68 93 4.029e+09
69 93 4.029e+09
70 93 4.029e+09
71 93 4.029e+09
72 93 4.029e+09
73 93 4.029e+09
74 93 4.029e+09
75 93 4.029e+09
76 93 4.029e+09
77 93 4.029e+09
78 93 4.029e+09
79 93 4.029e+09
80 93 4.029e+09
81 93 4.029e+09
82 93 4.029e+09
83 93 4.029e+09
84 93 4.029e+09
85 93 4.029e+09
86 93 4.029e+09
87 93 4.029e+09
88 93 4.029e+09
89 93 4.029e+09
90 93 4.029e+09
91 93 4.029e+09
92 93 4.029e+09
93 93 4.029e+09
94 93 4.029e+09
95 93 4.029e+09
96 93 4.029e+09
97 93 4.029e+09
98 93 4.029e+09
99 93 4.029e+09
100 93 4.029e+09

0 94 4.696e+09
1 94 4.696e+09
2 94 4.696e+09
3 94 4.696e+09
4 94 4.696e+09
5 94 4.696e+09
6 94 4.696e+09
7 94 4.696e+09
8 94 4.696e+09
9 94 4.696e+09
10 94 4.696e+09
11 94 4.696e+09
12 94 4.696e+09
13 94 4.696e+09
14 94 4.696e+09
15 94 4.696e+09
16 94 4.696e+09
17 94 4.696e+09
18 94 4.696e+09
19 94 4.696e+09
20 94 4.696e+09
21 94 4.696e+09
22 94 4.696e+09
23 94 4.696e+09
24 94 4.696e+09
25 94 4.696e+09
26 94 4.696e+09
27 94 4.696e+09
28 94 4.696e+09
29 94 4.696e+09
30 94 4.696e+09
31 94 4.696e+09
32 94 4.696e+09
33 94 4.696e+09
34 94 4.696e+09
35 94 4.696e+09
36 94 4.696e+09
37 94 4.696e+09
38 94 4.696e+09
39 94 4.696e+09
40 94 4.696e+09
41 94 4.696e+09
42 94 4.696e+09
43 94 4.696e+09
44 94 4.696e+09
45 94 4.696e+09
46 94 4.696e+09
47 94 4.696e+09
48 94 4.696e+09
49 94 4.696e+09
50 94 4.696e+09
51 94 4.696e+09
52 94 4.696e+09
53 94 4.696e+09
54 94 4.696e+09
55 94 4.696e+09
56 94 4.696e+09
57 94 4.696e+09
58 94 4.696e+09
59 94 4.696e+09
60 94 4.696e+09
61 94 4.696e+09
62 94 4.696e+09
63 94 4.696e+09
64 94 4.696e+09
65 94 4.696e+09
66 94 4.696e+09
67 94 4.696e+09
68 94 4.696e+09
69 94 4.696e+09
70 94 4.696e+09
71 94 4.696e+09
72 94 4.696e+09
73 94 4.696e+09
74 94 4.696e+09
75 94 4.696e+09
76 94 4.696e+09
77 94 4.696e+09
78 94 4.696e+09
79 94 4.696e+09
80 94 4.696e+09
81 94 4.696e+09
82 94 4.696e+09
83 94 4.696e+09
84 94 4.696e+09
85 94 4.696e+09
86 94 4.696e+09
87 94 4.696e+09
88 94 4.696e+09
89 94 4.696e+09
90 94 4.696e+09
91 94 4.696e+09
92 94 4.696e+09
93 94 4.696e+09
94 94 4.696e+09
95 94 4.696e+09
96 94 4.696e+09
97 94 4.696e+09
98 94 4.696e+09
99 94 4.696e+09
100 94 4.696e+09

0 95 5.291e+09
1 95 5.291e+09
2 95 5.291e+09
3 95 5.291e+09
4 95 5.291e+09
5 95 5.291e+09
6 95 5.291e+09
7 95 5.291e+09
8 95 5.291e+09
9 95 5.291e+09
10 95 5.291e+09
11 95 5.291e+09
12 95 5.291e+09
13 95 5.291e+09
14 95 5.291e+09
15 95 5.291e+09
16 95 5.291e+09
17 95 5.291e+09
18 95 5.291e+09
19 95 5.291e+09
20 95 5.291e+09
21 95 5.291e+09
22 95 5.291e+09
23 95 5.291e+09
24 95 5.291e+09
25 95 5.291e+09
26 95 5.291e+09
27 95 5.291e+09
28 95 5.291e+09
29 95 5.291e+09
30 95 5.291e+09
31 95 5.291e+09
32 95 5.291e+09
33 95 5.291e+09
34 95 5.291e+09
35 95 5.291e+09
36 95 5.291e+09
37 95 5.291e+09
38 95 5.291e+09
39 95 5.291e+09
40 95 5.291e+09
41 95 5.291e+09
42 95 5.291e+09
43 95 5.291e+09
44 95 5.291e+09
45 95 5.291e+09
46 95 5.291e+09
47 95 5.291e+09
48 95 5.291e+09
49 95 5.291e+09
50 95 5.291e+09
51 95 5.291e+09
52 95 5.291e+09
53 95 5.291e+09
54 95 5.291e+09
55 95 5.291e+09
56 95 5.291e+09
57 95 5.291e+09
58 95 5.291e+09
59 95 5.291e+09
60 95 5.291e+09
61 95 5.291e+09
62 95 5.291e+09
63 95 5.291e+09
64 95 5.291e+09
65 95 5.291e+09
66 95 5.291e+09
67 95 5.291e+09
68 95 5.291e+09
69 95 5.291e+09
70 95 5.291e+09
71 95 5.291e+09
72 95 5.291e+09
73 95 5.291e+09
74 95 5.291e+09
75 95 5.291e+09
76 95 5.291e+09
77 95 5.291e+09
78 95 5.291e+09
79 95 5.291e+09
80 95 5.291e+09
81 95 5.291e+09
82 95 5.291e+09
83 95 5.291e+09
84 95 5.291e+09
85 95 5.291e+09
86 95 5.291e+09
87 95 5.291e+09
88 95 5.291e+09
89 95 5.291e+09
90 95 5.291e+09
91 95 5.291e+09
92 95 5.291e+09
93 95 5.291e+09
94 95 5.291e+09
95 95 5.291e+09
96 95 5.291e+09
97 95 5.291e+09
98 95 5.291e+09
99 95 5.291e+09
100 95 5.291e+09

0 96 5.798e+09
1 96 5.798e+09
2 96 5.798e+09
3 96 5.798e+09
4 96 5.798e+09
5 96 5.798e+09
6 96 5.798e+09
7 96 5.798e+09
8 96 5.798e+09
9 96 5.798e+09
10 96 5.798e+09
11 96 5.798e+09
12 96 5.798e+09
13 96 5.798e+09
14 96 5.798e+09
15 96 5.798e+09
16 96 5.798e+09
17 96 5.798e+09
18 96 5.798e+09
19 96 5.798e+09
20 96 5.798e+09
21 96 5.798e+09
22 96 5.798e+09
23 96 5.798e+09
24 96 5.798e+09
25 96 5.798e+09
26 96 5.798e+09
27 96 5.798e+09
28 96 5.798e+09
29 96 5.798e+09
30 96 5.798e+09
31 96 5.798e+09
32 96 5.798e+09
33 96 5.798e+09
34 96 5.798e+09
35 96 5.798e+09
36 96 5.798e+09
37 96 5.798e+09
38 96 5.798e+09
39 96 5.798e+09
40 96 5.798e+09
41 96 5.798e+09
42 96 5.798e+09
43 96 5.798e+09
44 96 5.798e+09
45 96 5.798e+09
46 96 5.798e+09
47 96 5.798e+09
48 96 5.798e+09
49 96 5.798e+09
50 96 5.798e+09
51 96 5.798e+09
52 96 5.798e+09
53 96 5.798e+09
54 96 5.798e+09
55 96 5.798e+09
56 96 5.798e+09
57 96 5.798e+09
58 96 5.798e+09
59 96 5.798e+09
60 96 5.798e+09
61 96 5.798e+09
62 96 5.798e+09
63 96 5.798e+09
64 96 5.798e+09
65 96 5.798e+09
66 96 5.798e+09
67 96 5.798e+09
68 96 5.798e+09
69 96 5.798e+09
70 96 5.798e+09
71 96 5.798e+09
72 96 5.798e+09
73 96 5.798e+09
74 96 5.798e+09
75 96 5.798e+09
76 96 5.798e+09
77 96 5.798e+09
78 96 5.798e+09
79 96 5.798e+09
80 96 5.798e+09
81 96 5.798e+09
82 96 5.798e+09
83 96 5.798e+09
84 96 5.798e+09
85 96 5.798e+09
86 96 5.798e+09
87 96 5.798e+09
88 96 5.798e+09
89 96 5.798e+09
90 96 5.798e+09
91 96 5.798e+09
92 96 5.798e+09
93 96 5.798e+09
94 96 5.798e+09
95 96 5.798e+09
96 96 5.798e+09
97 96 5.798e+09
98 96 5.798e+09
99 96 5.798e+09
100 96 5.798e+09

0 97 6.21e+09
1 97 6.21e+09
2 97 6.21e+09
3 97 6.21e+09
4 97 6.21e+09
5 97 6.21e+09
6 97 6.21e+09
7 97 6.21e+09
8 97 6.21e+09
9 97 6.21e+09
10 97 6.21e+09
11 97 6.21e+09
12 97 6.21e+09
13 97 6.21e+09
14 97 6.21e+09
15 97 6.21e+09
16 97 6.21e+09
17 97 6.21e+09
18 97 6.21e+09
19 97 6.21e+09
20 97 6.21e+09
21 97 6.21e+09
22 97 6.21e+09
23 97 6.21e+09
24 97 6.21e+09
25 97 6.21e+09
26 97 6.21e+09
27 97 6.21e+09
28 97 6.21e+09
29 97 6.21e+09
30 97 6.21e+09
31 97 6.21e+09
32 97 6.21e+09
33 97 6.21e+09
34 97 6.21e+09
35 97 6.21e+09
36 97 6.21e+09
37 97 6.21e+09
38 97 6.21e+09
39 97 6.21e+09
40 97 6.21e+09
41 97 6.21e+09
42 97 6.21e+09
43 97 6.21e+09
44 97 6.21e+09
45 97 6.21e+09
46 97 6.21e+09
47 97 6.21e+09
48 97 6.21e+09
49 97 6.21e+09
50 97 6.21e+09
51 97 6.21e+09
52 97 6.21e+09
53 97 6.21e+09
54 97 6.21e+09
55 97 6.21e+09
56 97 6.21e+09
57 97 6.21e+09
58 97 6.21e+09
59 97 6.21e+09
60 97 6.21e+09
61 97 6.21e+09
62 97 6.21e+09
63 97 6.21e+09
64 97 6.21e+09
65 97 6.21e+09
66 97 6.21e+09
67 97 6.21e+09
68 97 6.21e+09
69 97 6.21e+09
70 97 6.21e+09
71 97 6.21e+09
72 97 6.21e+09
73 97 6.21e+09
74 97 6.21e+09
75 97 6.21e+09
76 97 6.21e+09
77 97 6.21e+09
78 97 6.21e+09
79 97 6.21e+09
80 97 6.21e+09
81 97 6.21e+09
82 97 6.21e+09
83 97 6.21e+09
84 97 6.21e+09
85 97 6.21e+09
86 97 6.21e+09
87 97 6.21e+09
88 97 6.21e+09
89 97 6.21e+09
90 97 6.21e+09
91 97 6.21e+09
92 97 6.21e+09
93 97 6.21e+09
94 97 6.21e+09
95 97 6.21e+09
96 97 6.21e+09
97 97 6.21e+09
98 97 6.21e+09
99 97 6.21e+09
100 97 6.21e+09

0 98 6.532e+09
1 98 6.532e+09
2 98 6.532e+09
3 98 6.532e+09
4 98 6.532e+09
5 98 6.532e+09
6 98 6.532e+09
7 98 6.532e+09
8 98 6.532e+09
9 98 6.532e+09
10 98 6.532e+09
11 98 6.532e+09
12 98 6.532e+09
13 98 6.532e+09
14 98 6.532e+09
15 98 6.532e+09
16 98 6.532e+09
17 98 6.532e+09
18 98 6.532e+09
19 98 6.532e+09
20 98 6.532e+09
21 98 6.532e+09
22 98 6.532e+09
23 98 6.532e+09
24 98 6.532e+09
25 98 6.532e+09
26 98 6.532e+09
27 98 6.532e+09
28 98 6.532e+09
29 98 6.532e+09
30 98 6.532e+09
31 98 6.532e+09
32 98 6.532e+09
33 98 6.532e+09
34 98 6.532e+09
35 98 6.532e+09
36 98 6.532e+09
37 98 6.532e+09
38 98 6.532e+09
39 98 6.532e+09
40 98 6.532e+09
41 98 6.532e+09
42 98 6.532e+09
43 98 6.532e+09
44 98 6.532e+09
45 98 6.532e+09
46 98 6.532e+09
47 98 6.532e+09
48 98 6.532e+09
49 98 6.532e+09
50 98 6.532e+09
51 98 6.532e+09
52 98 6.532e+09
53 98 6.532e+09
54 98 6.532e+09
55 98 6.532e+09
56 98 6.532e+09
57 98 6.532e+09
58 98 6.532e+09
59 98 6.532e+09
60 98 6.532e+09
61 98 6.532e+09
62 98 6.532e+09
63 98 6.532e+09
64 98 6.532e+09
65 98 6.532e+09
66 98 6.532e+09
67 98 6.532e+09
68 98 6.532e+09
69 98 6.532e+09
70 98 6.532e+09
71 98 6.532e+09
72 98 6.532e+09
73 98 6.532e+09
74 98 6.532e+09
75 98 6.532e+09
76 98 6.532e+09
77 98 6.532e+09
78 98 6.532e+09
79 98 6.532e+09
80 98 6.532e+09
81 98 6.532e+09
82 98 6.532e+09
83 98 6.532e+09
84 98 6.532e+09
85 98 6.532e+09
86 98 6.532e+09
87 98 6.532e+09
88 98 6.532e+09
89 98 6.532e+09
90 98 6.532e+09
91 98 6.532e+09
92 98 6.532e+09
93 98 6.532e+09
94 98 6.532e+09
95 98 6.532e+09
96 98 6.532e+09
97 98 6.532e+09
98 98 6.532e+09
99 98 6.532e+09
100 98 6.532e+09

0 99 6.773e+09
1 99 6.773e+09
2 99 6.773e+09
3 99 6.773e+09
4 99 6.773e+09
5 99 6.773e+09
6 99 6.773e+09
7 99 6.773e+09
8 99 6.773e+09
9 99 6.773e+09
10 99 6.773e+09
11 99 6.773e+09
12 99 6.773e+09
13 99 6.773e+09
14 99 6.773e+09
15 99 6.773e+09
16 99 6.773e+09
17 99 6.773e+09
18 99 6.773e+09
19 99 6.773e+09
20 99 6.773e+09
21 99 6.773e+09
22 99 6.773e+09
23 99 6.773e+09
24 99 6.773e+09
25 99 6.773e+09
26 99 6.773e+09
27 99 6.773e+09
28 99 6.773e+09
29 99 6.773e+09
30 99 6.773e+09
31 99 6.773e+09
32 99 6.773e+09
33 99 6.773e+09
34 99 6.773e+09
35 99 6.773e+09
36 99 6.773e+09
37 99 6.773e+09
38 99 6.773e+09
39 99 6.773e+09
40 99 6.773e+09
41 99 6.773e+09
42 99 6.773e+09
43 99 6.773e+09
44 99 6.773e+09
45 99 6.773e+09
46 99 6.773e+09
47 99 6.773e+09
48 99 6.773e+09
49 99 6.773e+09
50 99 6.773e+09
51 99 6.773e+09
52 99 6.773e+09
53 99 6.773e+09
54 99 6.773e+09
55 99 6.773e+09
56 99 6.773e+09
57 99 6.773e+09
58 99 6.773e+09
59 99 6.773e+09
60 99 6.773e+09
61 99 6.773e+09
62 99 6.773e+09
63 99 6.773e+09
64 99 6.773e+09
65 99 6.773e+09
66 99 6.773e+09
67 99 6.773e+09
68 99 6.773e+09
69 99 6.773e+09
70 99 6.773e+09
71 99 6.773e+09
72 99 6.773e+09
73 99 6.773e+09
74 99 6.773e+09
75 99 6.773e+09
76 99 6.773e+09
77 99 6.773e+09
78 99 6.773e+09
79 99 6.773e+09
80 99 6.773e+09
81 99 6.773e+09
82 99 6.773e+09
83 99 6.773e+09
84 99 6.773e+09
85 99 6.773e+09
86 99 6.773e+09
87 99 6.773e+09
88 99 6.773e+09
89 99 6.773e+09
90 99 6.773e+09
91 99 6.773e+09
92 99 6.773e+09
93 99 6.773e+09
94 99 6.773e+09
95 99 6.773e+09
96 99 6.773e+09
97 99 6.773e+09
98 99 6.773e+09
99 99 6.773e+09
100 99 6.773e+09

0 100 6.946e+09
1 100 6.946e+09
2 100 6.946e+09
3 100 6.946e+09
4 100 6.946e+09
5 100 6.946e+09
6 100 6.946e+09
7 100 6.946e+09
8 100 6.946e+09
9 100 6.946e+09
10 100 6.946e+09
11 100 6.946e+09
12 100 6.946e+09
13 100 6.946e+09
14 100 6.946e+09
15 100 6.946e+09
16 100 6.946e+09
17 100 6.946e+09
18 100 6.946e+09
19 100 6.946e+09
20 100 6.946e+09
21 100 6.946e+09
22 100 6.946e+09
23 100 6.946e+09
24 100 6.946e+09
25 100 6.946e+09
26 100 6.946e+09
27 100 6.946e+09
28 100 6.946e+09
29 100 6.946e+09
30 100 6.946e+09
31 100 6.946e+09
32 100 6.946e+09
33 100 6.946e+09
34 100 6.946e+09
35 100 6.946e+09
36 100 6.946e+09
37 100 6.946e+09
38 100 6.946e+09
39 100 6.946e+09
40 100 6.946e+09
41 100 6.946e+09
42 100 6.946e+09
43 100 6.946e+09
44 100 6.946e+09
45 100 6.946e+09
46 100 6.946e+09
47 100 6.946e+09
48 100 6.946e+09
49 100 6.946e+09
50 100 6.946e+09
51 100 6.946e+09
52 100 6.946e+09
53 100 6.946e+09
54 100 6.946e+09
55 100 6.946e+09
56 100 6.946e+09
57 100 6.946e+09
58 100 6.946e+09
59 100 6.946e+09
60 100 6.946e+09
61 100 6.946e+09
62 100 6.946e+09
63 100 6.946e+09
64 100 6.946e+09
65 100 6.946e+09
66 100 6.946e+09
67 100 6.946e+09
68 100 6.946e+09
69 100 6.946e+09
70 100 6.946e+09
71 100 6.946e+09
72 100 6.946e+09
73 100 6.946e+09
74 100 6.946e+09
75 100 6.946e+09
76 100 6.946e+09
77 100 6.946e+09
78 100 6.946e+09
79 100 6.946e+09
80 100 6.946e+09
81 100 6.946e+09
82 100 6.946e+09
83 100 6.946e+09
84 100 6.946e+09
85 100 6.946e+09
86 100 6.946e+09
87 100 6.946e+09
88 100 6.946e+09
89 100 6.946e+09
90 100 6.946e+09
91 100 6.946e+09
92 100 6.946e+09
93 100 6.946e+09
94 100 6.946e+09
95 100 6.946e+09
96 100 6.946e+09
97 100 6.946e+09
98 100 6.946e+09
99 100 6.946e+09
100 100 6.946e+09

