1.90524e-06 1.55939e-11
3.81047e-06 3.47687e-11
5.71571e-06 7.5908e-11
7.62095e-06 1.6227e-10
9.52618e-06 3.39644e-10
1.14314e-05 6.96033e-10
1.33367e-05 1.39649e-09
1.52419e-05 2.74301e-09
1.71471e-05 5.27446e-09
1.90524e-05 9.9281e-09
2.09576e-05 1.82923e-08
2.28628e-05 3.29878e-08
2.47681e-05 5.82228e-08
2.66733e-05 1.00566e-07
2.85785e-05 1.69979e-07
3.04838e-05 2.81111e-07
3.2389e-05 4.54837e-07
3.42943e-05 7.19903e-07
3.61995e-05 1.11449e-06
3.81047e-05 1.68729e-06
4.001e-05 2.49773e-06
4.19152e-05 3.61451e-06
4.38204e-05 5.11217e-06
4.57257e-05 7.06468e-06
4.76309e-05 9.53617e-06
4.95361e-05 1.25686e-05
5.14414e-05 1.61673e-05
5.33466e-05 2.02857e-05
5.52519e-05 2.48118e-05
5.71571e-05 2.95587e-05
5.90623e-05 3.42628e-05
6.09676e-05 3.85916e-05
6.28728e-05 4.21634e-05
6.4778e-05 4.45779e-05
6.66833e-05 4.54571e-05
6.85885e-05 4.44903e-05
7.04937e-05 4.14793e-05
7.2399e-05 3.63752e-05
7.43042e-05 2.93013e-05
7.62095e-05 2.05567e-05
7.81147e-05 1.05979e-05
8.00199e-05 -0
8.19252e-05 -1.05979e-05
8.38304e-05 -2.05567e-05
8.57356e-05 -2.93013e-05
8.76409e-05 -3.63752e-05
8.95461e-05 -4.14793e-05
9.14513e-05 -4.44903e-05
9.33566e-05 -4.54571e-05
9.52618e-05 -4.45779e-05
9.71671e-05 -4.21634e-05
9.90723e-05 -3.85916e-05
0.000100978 -3.42628e-05
0.000102883 -2.95587e-05
0.000104788 -2.48118e-05
0.000106693 -2.02857e-05
0.000108598 -1.61673e-05
0.000110504 -1.25686e-05
0.000112409 -9.53617e-06
0.000114314 -7.06468e-06
0.000116219 -5.11217e-06
0.000118125 -3.61451e-06
0.00012003 -2.49773e-06
0.000121935 -1.68729e-06
0.00012384 -1.11449e-06
0.000125746 -7.19903e-07
0.000127651 -4.54837e-07
0.000129556 -2.81111e-07
0.000131461 -1.69979e-07
0.000133367 -1.00566e-07
0.000135272 -5.82228e-08
0.000137177 -3.29878e-08
0.000139082 -1.82923e-08
0.000140987 -9.9281e-09
0.000142893 -5.27446e-09
0.000144798 -2.74301e-09
0.000146703 -1.39649e-09
0.000148608 -6.96033e-10
0.000150514 -3.39644e-10
0.000152419 -1.6227e-10
0.000154324 -7.5908e-11
0.000156229 -3.47687e-11
0.000158135 -1.55939e-11
0.00016004 -6.84856e-12
0.000161945 -2.94533e-12
0.00016385 -1.24043e-12
0.000165756 -5.11589e-13
0.000167661 -2.0663e-13
0.000169566 -8.17328e-14
0.000171471 -3.16621e-14
0.000173377 -1.20125e-14
0.000175282 -4.46354e-15
0.000177187 -1.62439e-15
0.000179092 -5.78991e-16
0.000180997 -2.02129e-16
0.000182903 -6.91143e-17
0.000184808 -2.3147e-17
0.000186713 -7.59303e-18
0.000188618 -2.43969e-18
0.000190524 -7.67813e-19
0.000192429 -2.36693e-19
0.000194334 -7.14705e-20
0.000196239 -2.1139e-20
0.000198145 -6.12439e-21
0.00020005 -1.73806e-21
0.000201955 -4.83163e-22
0.00020386 -1.31569e-22
0.000205766 -3.50952e-23
0.000207671 -9.17021e-24
0.000209576 -2.3472e-24
0.000211481 -5.88525e-25
0.000213386 -1.44552e-25
0.000215292 -3.47802e-26
0.000217197 -8.19769e-27
0.000219102 -1.89279e-27
0.000221007 -4.28125e-28
0.000222913 -9.48626e-29
0.000224818 -2.05911e-29
0.000226723 -4.3785e-30
0.000228628 -9.12084e-31
0.000230534 -1.86127e-31
0.000232439 -3.72093e-32
0.000234344 -7.28724e-33
0.000236249 -1.39812e-33
0.000238155 -2.62784e-34
0.00024006 -4.83868e-35
0.000241965 -8.72831e-36
0.00024387 -1.54245e-36
0.000245775 -2.67035e-37
0.000247681 -4.52904e-38
0.000249586 -7.52531e-39
0.000251491 -1.22497e-39
0.000253396 -1.95348e-40
0.000255302 -3.05194e-41
0.000257207 -4.67121e-42
0.000259112 -7.00438e-43
0.000261017 -1.02896e-43
0.000262923 -1.48086e-44
0.000264828 -2.08795e-45
0.000266733 -2.88415e-46
0.000268638 -3.90307e-47
0.000270544 -5.17472e-48
0.000272449 -6.72143e-49
0.000274354 -8.55324e-50
0.000276259 -1.06634e-50
0.000278165 -1.30243e-51
0.00028007 -1.55851e-52
0.000281975 -1.82711e-53
0.00028388 -2.09854e-54
0.000285785 -2.36139e-55
0.000287691 -2.60327e-56
0.000289596 -2.8117e-57
0.000291501 -2.97524e-58
0.000293406 -3.08443e-59
0.000295312 -3.13279e-60
0.000297217 -3.11738e-61
0.000299122 -3.03914e-62
0.000301027 -2.9028e-63
0.000302933 -2.71636e-64
0.000304838 -2.49037e-65
0.000306743 -2.23689e-66
0.000308648 -1.96849e-67
0.000310554 -1.69718e-68
0.000312459 -1.4336e-69
0.000314364 -1.18642e-70
0.000316269 -9.61954e-72
0.000318174 -7.64153e-73
0.00032008 -5.94723e-74
0.000321985 -4.53481e-75
0.00032389 -3.38777e-76
0.000325795 -2.47958e-77
0.000327701 -1.77809e-78
0.000329606 -1.24922e-79
0.000331511 -8.59881e-81
0.000333416 -5.79893e-82
0.000335322 -3.83151e-83
0.000337227 -2.48031e-84
0.000339132 -1.57309e-85
0.000341037 -9.77495e-87
0.000342943 -5.951e-88
0.000344848 -3.54959e-89
0.000346753 -2.07435e-90
0.000348658 -1.18768e-91
0.000350563 -6.66244e-93
0.000352469 -3.66169e-94
0.000354374 -1.97172e-95
0.000356279 -1.04022e-96
0.000358184 -5.37678e-98
0.00036009 -2.72292e-99
0.000361995 -1.35103e-100
0.0003639 -6.56766e-102
0.000365805 -3.12805e-103
0.000367711 -1.45967e-104
0.000369616 -6.67351e-106
0.000371521 -2.98931e-107
0.000373426 -1.31192e-108
0.000375332 -5.64106e-110
0.000377237 -2.37647e-111
0.000379142 -9.809e-113
0.000381047 -3.96676e-114
0.000382953 -1.57169e-115
0.000384858 -6.10121e-117
0.000386763 -2.32052e-118
0.000388668 -8.64721e-120
0.000390573 -3.15708e-121
0.000392479 -1.12932e-122
0.000394384 -3.95793e-124
0.000396289 -1.35907e-125
0.000398194 -4.5723e-127
0.0004001 -1.50712e-128
0.000402005 -4.86727e-130
0.00040391 -1.54008e-131
0.000405815 -4.77444e-133
0.000407721 -1.45019e-134
0.000409626 -4.31567e-136
0.000411531 -1.25833e-137
0.000413436 -3.5947e-139
0.000415342 -1.00613e-140
0.000417247 -2.75911e-142
0.000419152 -7.4132e-144
0.000421057 -1.95149e-145
0.000422962 -5.03326e-147
0.000424868 -1.27191e-148
0.000426773 -3.1491e-150
0.000428678 -7.63909e-152
0.000430583 -1.8156e-153
0.000432489 -4.22787e-155
0.000434394 -9.64602e-157
0.000436299 -2.15625e-158
0.000438204 -4.72252e-160
0.00044011 -1.01338e-161
0.000442015 -2.13058e-163
0.00044392 -4.38881e-165
0.000445825 -8.85771e-167
0.000447731 -1.75154e-168
0.000449636 -3.39348e-170
0.000451541 -6.44161e-172
0.000453446 -1.19804e-173
0.000455351 -2.18308e-175
0.000457257 -3.89759e-177
0.000459162 -6.81787e-179
0.000461067 -1.16849e-180
0.000462972 -1.96214e-182
0.000464878 -3.2282e-184
0.000466783 -5.20376e-186
0.000468688 -8.21863e-188
0.000470593 -1.27177e-189
0.000472499 -1.92816e-191
0.000474404 -2.86422e-193
0.000476309 -4.16864e-195
0.000478214 -5.94443e-197
0.00048012 -8.30526e-199
0.000482025 -1.1369e-200
0.00048393 -1.52482e-202
0.000485835 -2.00375e-204
0.00048774 -2.57985e-206
0.000489646 -3.25441e-208
0.000491551 -4.02234e-210
0.000493456 -4.87093e-212
0.000495361 -5.77927e-214
0.000497267 -6.71833e-216
0.000499172 -7.65206e-218
0.000501077 -8.5393e-220
0.000502982 -9.33673e-222
0.000504888 -1.00022e-223
0.000506793 -1.04984e-225
0.000508698 -1.07964e-227
0.000510603 -1.08784e-229
0.000512509 -1.07394e-231
0.000514414 -1.03877e-233
0.000516319 -9.84444e-236
0.000518224 -9.14092e-238
0.00052013 -8.31605e-240
0.000522035 -7.41265e-242
0.00052394 -6.47378e-244
0.000525845 -5.53952e-246
0.00052775 -4.64424e-248
0.000529656 -3.81493e-250
0.000531561 -3.07034e-252
0.000533466 -2.42112e-254
0.000535371 -1.87058e-256
0.000537277 -1.416e-258
0.000539182 -1.05022e-260
0.000541087 -7.63183e-263
0.000542992 -5.43382e-265
0.000544898 -3.79063e-267
0.000546803 -2.59088e-269
0.000548708 -1.73505e-271
0.000550613 -1.13843e-273
0.000552519 -7.31864e-276
0.000554424 -4.60983e-278
0.000556329 -2.84491e-280
0.000558234 -1.72022e-282
0.000560139 -1.01912e-284
0.000562045 -5.91563e-287
0.00056395 -3.36438e-289
0.000565855 -1.87473e-291
0.00056776 -1.02354e-293
0.000569666 -5.47517e-296
0.000571571 -2.86961e-298
0.000573476 -1.47359e-300
0.000575381 -7.41418e-303
0.000577287 -3.65493e-305
0.000579192 -1.76533e-307
0.000581097 -8.35415e-310
0.000583002 -3.87355e-312
0.000584908 -1.75974e-314
0.000586813 -7.83279e-317
0.000588718 -3.41597e-319
0.000590623 -1.45749e-321
0.000592528 -4.94066e-324
0.000594434 -0
0.000596339 -0
0.000598244 -0
0.000600149 -0
0.000602055 -0
0.00060396 -0
0.000605865 -0
0.00060777 -0
0.000609676 -0
0.000611581 -0
0.000613486 -0
0.000615391 -0
0.000617297 -0
0.000619202 -0
0.000621107 -0
0.000623012 -0
0.000624918 -0
0.000626823 -0
0.000628728 -0
0.000630633 -0
0.000632538 -0
0.000634444 -0
0.000636349 -0
0.000638254 -0
0.000640159 -0
0.000642065 -0
0.00064397 -0
0.000645875 -0
0.00064778 -0
0.000649686 -0
0.000651591 -0
0.000653496 -0
0.000655401 -0
0.000657307 -0
0.000659212 -0
0.000661117 -0
0.000663022 -0
0.000664927 -0
0.000666833 -0
0.000668738 -0
0.000670643 -0
0.000672548 -0
0.000674454 -0
0.000676359 -0
0.000678264 -0
0.000680169 -0
0.000682075 -0
0.00068398 -0
0.000685885 -0
0.00068779 -0
0.000689696 -0
0.000691601 -0
0.000693506 -0
0.000695411 -0
0.000697316 -0
0.000699222 -0
0.000701127 -0
0.000703032 -0
0.000704937 -0
0.000706843 -0
0.000708748 -0
0.000710653 -0
0.000712558 -0
0.000714464 -0
0.000716369 -0
0.000718274 -0
0.000720179 -0
0.000722085 -0
0.00072399 -0
0.000725895 -0
0.0007278 -0
0.000729706 -0
0.000731611 -0
0.000733516 -0
0.000735421 -0
0.000737326 -0
0.000739232 -0
0.000741137 -0
0.000743042 -0
0.000744947 -0
0.000746853 -0
0.000748758 -0
0.000750663 -0
0.000752568 -0
0.000754474 -0
0.000756379 -0
0.000758284 -0
0.000760189 -0
0.000762095 -0
0.000764 -0
0.000765905 -0
0.00076781 -0
0.000769715 -0
0.000771621 -0
0.000773526 -0
0.000775431 -0
0.000777336 -0
0.000779242 -0
0.000781147 -0
0.000783052 -0
0.000784957 -0
0.000786863 -0
0.000788768 -0
0.000790673 -0
0.000792578 -0
0.000794484 -0
0.000796389 -0
0.000798294 -0
0.000800199 -0
0.000802104 -0
0.00080401 -0
0.000805915 -0
0.00080782 -0
0.000809725 -0
0.000811631 -0
0.000813536 -0
0.000815441 -0
0.000817346 -0
0.000819252 -0
0.000821157 -0
0.000823062 -0
0.000824967 -0
0.000826873 -0
0.000828778 -0
0.000830683 -0
0.000832588 -0
0.000834494 -0
0.000836399 -0
0.000838304 -0
0.000840209 -0
0.000842114 -0
0.00084402 -0
0.000845925 -0
0.00084783 -0
0.000849735 -0
0.000851641 -0
0.000853546 -0
0.000855451 -0
0.000857356 -0
0.000859262 -0
0.000861167 -0
0.000863072 -0
0.000864977 -0
0.000866883 -0
0.000868788 -0
0.000870693 -0
0.000872598 -0
0.000874503 -0
0.000876409 -0
0.000878314 -0
0.000880219 -0
0.000882124 -0
0.00088403 -0
0.000885935 -0
0.00088784 -0
0.000889745 -0
0.000891651 -0
0.000893556 -0
0.000895461 -0
0.000897366 -0
0.000899272 -0
0.000901177 -0
0.000903082 -0
0.000904987 -0
0.000906892 -0
0.000908798 -0
0.000910703 -0
0.000912608 -0
0.000914513 -0
0.000916419 -0
0.000918324 -0
0.000920229 -0
0.000922134 -0
0.00092404 -0
0.000925945 -0
0.00092785 -0
0.000929755 -0
0.000931661 -0
0.000933566 -0
0.000935471 -0
0.000937376 -0
0.000939282 -0
0.000941187 -0
0.000943092 -0
0.000944997 -0
0.000946902 -0
0.000948808 -0
0.000950713 -0
0.000952618 -0
0.000954523 -0
0.000956429 -0
0.000958334 -0
0.000960239 -0
0.000962144 -0
0.00096405 -0
0.000965955 -0
0.00096786 -0
0.000969765 -0
0.000971671 -0
0.000973576 -0
0.000975481 -0
0.000977386 -0
0.000979291 -0
0.000981197 -0
0.000983102 -0
0.000985007 -0
0.000986912 -0
0.000988818 -0
0.000990723 -0
0.000992628 -0
0.000994533 -0
0.000996439 -0
0.000998344 -0
0.00100025 -0
0.00100215 -0
0.00100406 -0
0.00100596 -0
0.00100787 -0
0.00100978 -0
0.00101168 -0
0.00101359 -0
0.00101549 -0
0.0010174 -0
0.0010193 -0
0.00102121 -0
0.00102311 -0
0.00102502 -0
0.00102692 -0
0.00102883 -0
0.00103073 -0
0.00103264 -0
0.00103454 -0
0.00103645 -0
0.00103835 -0
0.00104026 -0
0.00104216 -0
0.00104407 -0
0.00104597 -0
0.00104788 -0
0.00104979 -0
0.00105169 -0
0.0010536 -0
0.0010555 -0
0.00105741 -0
0.00105931 -0
0.00106122 -0
0.00106312 -0
0.00106503 -0
0.00106693 -0
0.00106884 -0
0.00107074 -0
0.00107265 -0
0.00107455 -0
0.00107646 -0
0.00107836 -0
0.00108027 -0
0.00108217 -0
0.00108408 -0
0.00108598 -0
0.00108789 -0
0.0010898 -0
0.0010917 -0
0.00109361 -0
0.00109551 -0
0.00109742 -0
0.00109932 -0
0.00110123 -0
0.00110313 -0
0.00110504 -0
0.00110694 -0
0.00110885 -0
0.00111075 -0
0.00111266 -0
0.00111456 -0
0.00111647 -0
0.00111837 -0
0.00112028 -0
0.00112218 -0
0.00112409 -0
0.00112599 -0
0.0011279 -0
0.00112981 -0
0.00113171 -0
0.00113362 -0
0.00113552 -0
0.00113743 -0
0.00113933 -0
0.00114124 -0
0.00114314 -0
0.00114505 -0
0.00114695 -0
0.00114886 -0
0.00115076 -0
0.00115267 -0
0.00115457 -0
0.00115648 -0
0.00115838 -0
0.00116029 -0
0.00116219 -0
0.0011641 -0
0.001166 -0
0.00116791 -0
0.00116982 -0
0.00117172 -0
0.00117363 -0
0.00117553 -0
0.00117744 -0
0.00117934 -0
0.00118125 -0
0.00118315 -0
0.00118506 -0
0.00118696 -0
0.00118887 -0
0.00119077 -0
0.00119268 -0
0.00119458 -0
0.00119649 -0
0.00119839 -0
0.0012003 -0
0.0012022 -0
0.00120411 -0
0.00120601 -0
0.00120792 -0
0.00120983 -0
0.00121173 -0
0.00121364 -0
0.00121554 -0
0.00121745 -0
0.00121935 -0
0.00122126 -0
0.00122316 -0
0.00122507 -0
0.00122697 -0
0.00122888 -0
0.00123078 -0
0.00123269 -0
0.00123459 -0
0.0012365 -0
0.0012384 -0
0.00124031 -0
0.00124221 -0
0.00124412 -0
0.00124602 -0
0.00124793 -0
0.00124984 -0
0.00125174 -0
0.00125365 -0
0.00125555 -0
0.00125746 -0
0.00125936 -0
0.00126127 -0
0.00126317 -0
0.00126508 -0
0.00126698 -0
0.00126889 -0
0.00127079 -0
0.0012727 -0
0.0012746 -0
0.00127651 -0
0.00127841 -0
0.00128032 -0
0.00128222 -0
0.00128413 -0
0.00128603 -0
0.00128794 -0
0.00128984 -0
0.00129175 -0
0.00129366 -0
0.00129556 -0
0.00129747 -0
0.00129937 -0
0.00130128 -0
0.00130318 -0
0.00130509 -0
0.00130699 -0
0.0013089 -0
0.0013108 -0
0.00131271 -0
0.00131461 -0
0.00131652 -0
0.00131842 -0
0.00132033 -0
0.00132223 -0
0.00132414 -0
0.00132604 -0
0.00132795 -0
0.00132985 -0
0.00133176 -0
0.00133367 -0
0.00133557 -0
0.00133748 -0
0.00133938 -0
0.00134129 -0
0.00134319 -0
0.0013451 -0
0.001347 -0
0.00134891 -0
0.00135081 -0
0.00135272 -0
0.00135462 -0
0.00135653 -0
0.00135843 -0
0.00136034 -0
0.00136224 -0
0.00136415 -0
0.00136605 -0
0.00136796 -0
0.00136986 -0
0.00137177 -0
0.00137368 -0
0.00137558 -0
0.00137749 -0
0.00137939 -0
0.0013813 -0
0.0013832 -0
0.00138511 -0
0.00138701 -0
0.00138892 -0
0.00139082 -0
0.00139273 -0
0.00139463 -0
0.00139654 -0
0.00139844 -0
0.00140035 -0
0.00140225 -0
0.00140416 -0
0.00140606 -0
0.00140797 -0
0.00140987 -0
0.00141178 -0
0.00141369 -0
0.00141559 -0
0.0014175 -0
0.0014194 -0
0.00142131 -0
0.00142321 -0
0.00142512 -0
0.00142702 -0
0.00142893 -0
0.00143083 -0
0.00143274 -0
0.00143464 -0
0.00143655 -0
0.00143845 -0
0.00144036 -0
0.00144226 -0
0.00144417 -0
0.00144607 -0
0.00144798 -0
0.00144988 -0
0.00145179 -0
0.0014537 -0
0.0014556 -0
0.00145751 -0
0.00145941 -0
0.00146132 -0
0.00146322 -0
0.00146513 -0
0.00146703 -0
0.00146894 -0
0.00147084 -0
0.00147275 -0
0.00147465 -0
0.00147656 -0
0.00147846 -0
0.00148037 -0
0.00148227 -0
0.00148418 -0
0.00148608 -0
0.00148799 -0
0.00148989 -0
0.0014918 -0
0.00149371 -0
0.00149561 -0
0.00149752 -0
0.00149942 -0
0.00150133 -0
0.00150323 -0
0.00150514 -0
0.00150704 -0
0.00150895 -0
0.00151085 -0
0.00151276 -0
0.00151466 -0
0.00151657 -0
0.00151847 -0
0.00152038 -0
0.00152228 -0
0.00152419 -0
0.00152609 -0
0.001528 -0
0.0015299 -0
0.00153181 -0
0.00153372 -0
0.00153562 -0
0.00153753 -0
0.00153943 -0
0.00154134 -0
0.00154324 -0
0.00154515 -0
0.00154705 -0
0.00154896 -0
0.00155086 -0
0.00155277 -0
0.00155467 -0
0.00155658 -0
0.00155848 -0
0.00156039 -0
0.00156229 -0
0.0015642 -0
0.0015661 -0
0.00156801 -0
0.00156991 -0
0.00157182 -0
0.00157373 -0
0.00157563 -0
0.00157754 -0
0.00157944 -0
0.00158135 -0
0.00158325 -0
0.00158516 -0
0.00158706 -0
0.00158897 -0
0.00159087 -0
0.00159278 -0
0.00159468 -0
0.00159659 -0
0.00159849 -0
0.0016004 -0
0.0016023 -0
0.00160421 -0
0.00160611 -0
0.00160802 -0
0.00160992 -0
0.00161183 -0
0.00161374 -0
0.00161564 -0
0.00161755 -0
0.00161945 -0
0.00162136 -0
0.00162326 -0
0.00162517 -0
0.00162707 -0
0.00162898 -0
0.00163088 -0
0.00163279 -0
0.00163469 -0
0.0016366 -0
0.0016385 -0
0.00164041 -0
0.00164231 -0
0.00164422 -0
0.00164612 -0
0.00164803 -0
0.00164993 -0
0.00165184 -0
0.00165375 -0
0.00165565 -0
0.00165756 -0
0.00165946 -0
0.00166137 -0
0.00166327 -0
0.00166518 -0
0.00166708 -0
0.00166899 -0
0.00167089 -0
0.0016728 -0
0.0016747 -0
0.00167661 -0
0.00167851 -0
0.00168042 -0
0.00168232 -0
0.00168423 -0
0.00168613 -0
0.00168804 -0
0.00168994 -0
0.00169185 -0
0.00169376 -0
0.00169566 -0
0.00169757 -0
0.00169947 -0
0.00170138 -0
0.00170328 -0
0.00170519 -0
0.00170709 -0
0.001709 -0
0.0017109 -0
0.00171281 -0
0.00171471 -0
0.00171662 -0
0.00171852 -0
0.00172043 -0
0.00172233 -0
0.00172424 -0
0.00172614 -0
0.00172805 -0
0.00172995 -0
0.00173186 -0
0.00173377 -0
0.00173567 -0
0.00173758 -0
0.00173948 -0
0.00174139 -0
0.00174329 -0
0.0017452 -0
0.0017471 -0
0.00174901 -0
0.00175091 -0
0.00175282 -0
0.00175472 -0
0.00175663 -0
0.00175853 -0
0.00176044 -0
0.00176234 -0
0.00176425 -0
0.00176615 -0
0.00176806 -0
0.00176996 -0
0.00177187 -0
0.00177378 -0
0.00177568 -0
0.00177759 -0
0.00177949 -0
0.0017814 -0
0.0017833 -0
0.00178521 -0
0.00178711 -0
0.00178902 -0
0.00179092 -0
0.00179283 -0
0.00179473 -0
0.00179664 -0
0.00179854 -0
0.00180045 -0
0.00180235 -0
0.00180426 -0
0.00180616 -0
0.00180807 -0
0.00180997 -0
0.00181188 -0
0.00181378 -0
0.00181569 -0
0.0018176 -0
0.0018195 -0
0.00182141 -0
0.00182331 -0
0.00182522 -0
0.00182712 -0
0.00182903 -0
0.00183093 -0
0.00183284 -0
0.00183474 -0
0.00183665 -0
0.00183855 -0
0.00184046 -0
0.00184236 -0
0.00184427 -0
0.00184617 -0
0.00184808 -0
0.00184998 -0
0.00185189 -0
0.00185379 -0
0.0018557 -0
0.00185761 -0
0.00185951 -0
0.00186142 -0
0.00186332 -0
0.00186523 -0
0.00186713 -0
0.00186904 -0
0.00187094 -0
0.00187285 -0
0.00187475 -0
0.00187666 -0
0.00187856 -0
0.00188047 -0
0.00188237 -0
0.00188428 -0
0.00188618 -0
0.00188809 -0
0.00188999 -0
0.0018919 -0
0.0018938 -0
0.00189571 -0
0.00189762 -0
0.00189952 -0
0.00190143 -0
0.00190333 -0
0.00190524 -0
0.00190714 -0
0.00190905 -0
0.00191095 -0
0.00191286 -0
0.00191476 -0
0.00191667 -0
0.00191857 -0
0.00192048 -0
0.00192238 -0
0.00192429 -0
0.00192619 -0
0.0019281 -0
0.00193 -0
0.00193191 -0
0.00193381 -0
0.00193572 -0
0.00193763 -0
0.00193953 -0
0.00194144 -0
0.00194334 -0
0.00194525 -0
0.00194715 -0
0.00194906 -0
0.00195096 -0
0.00195287 -0
0.00195477 -0
0.00195668 -0
0.00195858 -0
0.00196049 -0
0.00196239 -0
0.0019643 -0
0.0019662 -0
0.00196811 -0
0.00197001 -0
0.00197192 -0
0.00197382 -0
0.00197573 -0
0.00197764 -0
0.00197954 -0
0.00198145 -0
0.00198335 -0
0.00198526 -0
0.00198716 -0
0.00198907 -0
0.00199097 -0
0.00199288 -0
0.00199478 -0
0.00199669 -0
0.00199859 -0
0.0020005 -0
0.0020024 -0
0.00200431 -0
0.00200621 -0
0.00200812 -0
0.00201002 -0
0.00201193 -0
0.00201383 -0
0.00201574 -0
0.00201765 -0
0.00201955 -0
0.00202146 -0
0.00202336 -0
0.00202527 -0
0.00202717 -0
0.00202908 -0
0.00203098 -0
0.00203289 -0
0.00203479 -0
0.0020367 -0
0.0020386 -0
0.00204051 -0
0.00204241 -0
0.00204432 -0
0.00204622 -0
0.00204813 -0
0.00205003 -0
0.00205194 -0
0.00205384 -0
0.00205575 -0
0.00205766 -0
0.00205956 -0
0.00206147 -0
0.00206337 -0
0.00206528 -0
0.00206718 -0
0.00206909 -0
0.00207099 -0
0.0020729 -0
0.0020748 -0
0.00207671 -0
0.00207861 -0
0.00208052 -0
0.00208242 -0
0.00208433 -0
0.00208623 -0
0.00208814 -0
0.00209004 -0
0.00209195 -0
0.00209385 -0
0.00209576 -0
0.00209767 -0
0.00209957 -0
0.00210148 -0
0.00210338 -0
0.00210529 -0
0.00210719 -0
0.0021091 -0
0.002111 -0
0.00211291 -0
0.00211481 -0
0.00211672 -0
0.00211862 -0
0.00212053 -0
0.00212243 -0
0.00212434 -0
0.00212624 -0
0.00212815 -0
0.00213005 -0
0.00213196 -0
0.00213386 -0
0.00213577 -0
0.00213768 -0
0.00213958 -0
0.00214149 -0
0.00214339 -0
0.0021453 -0
0.0021472 -0
0.00214911 -0
0.00215101 -0
0.00215292 -0
0.00215482 -0
0.00215673 -0
0.00215863 -0
0.00216054 -0
0.00216244 -0
0.00216435 -0
0.00216625 -0
0.00216816 -0
0.00217006 -0
0.00217197 -0
0.00217387 -0
0.00217578 -0
0.00217769 -0
0.00217959 -0
0.0021815 -0
0.0021834 -0
0.00218531 -0
0.00218721 -0
0.00218912 -0
0.00219102 -0
0.00219293 -0
0.00219483 -0
0.00219674 -0
0.00219864 -0
0.00220055 -0
0.00220245 -0
0.00220436 -0
0.00220626 -0
0.00220817 -0
0.00221007 -0
0.00221198 -0
0.00221388 -0
0.00221579 -0
0.0022177 -0
0.0022196 -0
0.00222151 -0
0.00222341 -0
0.00222532 -0
0.00222722 -0
0.00222913 -0
0.00223103 -0
0.00223294 -0
0.00223484 -0
0.00223675 -0
0.00223865 -0
0.00224056 -0
0.00224246 -0
0.00224437 -0
0.00224627 -0
0.00224818 -0
0.00225008 -0
0.00225199 -0
0.00225389 -0
0.0022558 -0
0.00225771 -0
0.00225961 -0
0.00226152 -0
0.00226342 -0
0.00226533 -0
0.00226723 -0
0.00226914 -0
0.00227104 -0
0.00227295 -0
0.00227485 -0
0.00227676 -0
0.00227866 -0
0.00228057 -0
0.00228247 -0
0.00228438 -0
0.00228628 -0
0.00228819 -0
0.00229009 -0
0.002292 -0
0.0022939 -0
0.00229581 -0
0.00229772 -0
0.00229962 -0
0.00230153 -0
0.00230343 -0
0.00230534 -0
0.00230724 -0
0.00230915 -0
0.00231105 -0
0.00231296 -0
0.00231486 -0
0.00231677 -0
0.00231867 -0
0.00232058 -0
0.00232248 -0
0.00232439 -0
0.00232629 -0
0.0023282 -0
0.0023301 -0
0.00233201 -0
0.00233391 -0
0.00233582 -0
0.00233772 -0
0.00233963 -0
0.00234154 -0
0.00234344 -0
0.00234535 -0
0.00234725 -0
0.00234916 -0
0.00235106 -0
0.00235297 -0
0.00235487 -0
0.00235678 -0
0.00235868 -0
0.00236059 -0
0.00236249 -0
0.0023644 -0
0.0023663 -0
0.00236821 -0
0.00237011 -0
0.00237202 -0
0.00237392 -0
0.00237583 -0
0.00237773 -0
0.00237964 -0
0.00238155 -0
0.00238345 -0
0.00238536 -0
0.00238726 -0
0.00238917 -0
0.00239107 -0
0.00239298 -0
0.00239488 -0
0.00239679 -0
0.00239869 -0
0.0024006 -0
0.0024025 -0
0.00240441 -0
0.00240631 -0
0.00240822 -0
0.00241012 -0
0.00241203 -0
0.00241393 -0
0.00241584 -0
0.00241774 -0
0.00241965 -0
0.00242156 -0
0.00242346 -0
0.00242537 -0
0.00242727 -0
0.00242918 -0
0.00243108 -0
0.00243299 -0
0.00243489 -0
0.0024368 -0
0.0024387 -0
0.00244061 -0
0.00244251 -0
0.00244442 -0
0.00244632 -0
0.00244823 -0
0.00245013 -0
0.00245204 -0
0.00245394 -0
0.00245585 -0
0.00245775 -0
0.00245966 -0
0.00246157 -0
0.00246347 -0
0.00246538 -0
0.00246728 -0
0.00246919 -0
0.00247109 -0
0.002473 -0
0.0024749 -0
0.00247681 -0
0.00247871 -0
0.00248062 -0
0.00248252 -0
0.00248443 -0
0.00248633 -0
0.00248824 -0
0.00249014 -0
0.00249205 -0
0.00249395 -0
0.00249586 -0
0.00249776 -0
0.00249967 -0
0.00250158 -0
0.00250348 -0
0.00250539 -0
0.00250729 -0
0.0025092 -0
0.0025111 -0
0.00251301 -0
0.00251491 -0
0.00251682 -0
0.00251872 -0
0.00252063 -0
0.00252253 -0
0.00252444 -0
0.00252634 -0
0.00252825 -0
0.00253015 -0
0.00253206 -0
0.00253396 -0
0.00253587 -0
0.00253777 -0
0.00253968 -0
0.00254159 -0
0.00254349 -0
0.0025454 -0
0.0025473 -0
0.00254921 -0
0.00255111 -0
0.00255302 -0
0.00255492 -0
0.00255683 -0
0.00255873 -0
0.00256064 -0
0.00256254 -0
0.00256445 -0
0.00256635 -0
0.00256826 -0
0.00257016 -0
0.00257207 -0
0.00257397 -0
0.00257588 -0
0.00257778 -0
0.00257969 -0
0.0025816 -0
0.0025835 -0
0.00258541 -0
0.00258731 -0
0.00258922 -0
0.00259112 -0
0.00259303 -0
0.00259493 -0
0.00259684 -0
0.00259874 -0
0.00260065 -0
0.00260255 -0
0.00260446 -0
0.00260636 -0
0.00260827 -0
0.00261017 -0
0.00261208 -0
0.00261398 -0
0.00261589 -0
0.00261779 -0
0.0026197 -0
0.00262161 -0
0.00262351 -0
0.00262542 -0
0.00262732 -0
0.00262923 -0
0.00263113 -0
0.00263304 -0
0.00263494 -0
0.00263685 -0
0.00263875 -0
0.00264066 -0
0.00264256 -0
0.00264447 -0
0.00264637 -0
0.00264828 -0
0.00265018 -0
0.00265209 -0
0.00265399 -0
0.0026559 -0
0.0026578 -0
0.00265971 -0
0.00266162 -0
0.00266352 -0
0.00266543 -0
0.00266733 -0
0.00266924 -0
0.00267114 -0
0.00267305 -0
0.00267495 -0
0.00267686 -0
0.00267876 -0
0.00268067 -0
0.00268257 -0
0.00268448 -0
0.00268638 -0
0.00268829 -0
0.00269019 -0
0.0026921 -0
0.002694 -0
0.00269591 -0
0.00269781 -0
0.00269972 -0
0.00270163 -0
0.00270353 -0
0.00270544 -0
0.00270734 -0
0.00270925 -0
0.00271115 -0
0.00271306 -0
0.00271496 -0
0.00271687 -0
0.00271877 -0
0.00272068 -0
0.00272258 -0
0.00272449 -0
0.00272639 -0
0.0027283 -0
0.0027302 -0
0.00273211 -0
0.00273401 -0
0.00273592 -0
0.00273782 -0
0.00273973 -0
0.00274164 -0
0.00274354 -0
0.00274545 -0
0.00274735 -0
0.00274926 -0
0.00275116 -0
0.00275307 -0
0.00275497 -0
0.00275688 -0
0.00275878 -0
0.00276069 -0
0.00276259 -0
0.0027645 -0
0.0027664 -0
0.00276831 -0
0.00277021 -0
0.00277212 -0
0.00277402 -0
0.00277593 -0
0.00277783 -0
0.00277974 -0
0.00278165 -0
0.00278355 -0
0.00278546 -0
0.00278736 -0
0.00278927 -0
0.00279117 -0
0.00279308 -0
0.00279498 -0
0.00279689 -0
0.00279879 -0
0.0028007 -0
0.0028026 -0
0.00280451 -0
0.00280641 -0
0.00280832 -0
0.00281022 -0
0.00281213 -0
0.00281403 -0
0.00281594 -0
0.00281784 -0
0.00281975 -0
0.00282165 -0
0.00282356 -0
0.00282547 -0
0.00282737 -0
0.00282928 -0
0.00283118 -0
0.00283309 -0
0.00283499 -0
0.0028369 -0
0.0028388 -0
0.00284071 -0
0.00284261 -0
0.00284452 -0
0.00284642 -0
0.00284833 -0
0.00285023 -0
0.00285214 -0
0.00285404 -0
0.00285595 -0
0.00285785 -0
0.00285976 -0
0.00286166 -0
0.00286357 -0
0.00286548 -0
0.00286738 -0
0.00286929 -0
0.00287119 -0
0.0028731 -0
0.002875 -0
0.00287691 -0
0.00287881 -0
0.00288072 -0
0.00288262 -0
0.00288453 -0
0.00288643 -0
0.00288834 -0
0.00289024 -0
0.00289215 -0
0.00289405 -0
0.00289596 -0
0.00289786 -0
0.00289977 -0
0.00290167 -0
0.00290358 -0
0.00290549 -0
0.00290739 -0
0.0029093 -0
0.0029112 -0
0.00291311 -0
0.00291501 -0
0.00291692 -0
0.00291882 -0
0.00292073 -0
0.00292263 -0
0.00292454 -0
0.00292644 -0
0.00292835 -0
0.00293025 -0
0.00293216 -0
0.00293406 -0
0.00293597 -0
0.00293787 -0
0.00293978 -0
0.00294168 -0
0.00294359 -0
0.0029455 -0
0.0029474 -0
0.00294931 -0
0.00295121 -0
0.00295312 -0
0.00295502 -0
0.00295693 -0
0.00295883 -0
0.00296074 -0
0.00296264 -0
0.00296455 -0
0.00296645 -0
0.00296836 -0
0.00297026 -0
0.00297217 -0
0.00297407 -0
0.00297598 -0
0.00297788 -0
0.00297979 -0
0.00298169 -0
0.0029836 -0
0.00298551 -0
0.00298741 -0
0.00298932 -0
0.00299122 -0
0.00299313 -0
0.00299503 -0
0.00299694 -0
0.00299884 -0
0.00300075 -0
0.00300265 -0
0.00300456 -0
0.00300646 -0
0.00300837 -0
0.00301027 -0
0.00301218 -0
0.00301408 -0
0.00301599 -0
0.00301789 -0
0.0030198 -0
0.0030217 -0
0.00302361 -0
0.00302552 -0
0.00302742 -0
0.00302933 -0
0.00303123 -0
0.00303314 -0
0.00303504 -0
0.00303695 -0
0.00303885 -0
0.00304076 -0
0.00304266 -0
0.00304457 -0
0.00304647 -0
0.00304838 -0
0.00305028 -0
0.00305219 -0
0.00305409 -0
0.003056 -0
0.0030579 -0
0.00305981 -0
0.00306171 -0
0.00306362 -0
0.00306553 -0
0.00306743 -0
0.00306934 -0
0.00307124 -0
0.00307315 -0
0.00307505 -0
0.00307696 -0
0.00307886 -0
0.00308077 -0
0.00308267 -0
0.00308458 -0
0.00308648 -0
0.00308839 -0
0.00309029 -0
0.0030922 -0
0.0030941 -0
0.00309601 -0
0.00309791 -0
0.00309982 -0
0.00310172 -0
0.00310363 -0
0.00310554 -0
0.00310744 -0
0.00310935 -0
0.00311125 -0
0.00311316 -0
0.00311506 -0
0.00311697 -0
0.00311887 -0
0.00312078 -0
0.00312268 -0
0.00312459 -0
0.00312649 -0
0.0031284 -0
0.0031303 -0
0.00313221 -0
0.00313411 -0
0.00313602 -0
0.00313792 -0
0.00313983 -0
0.00314173 -0
0.00314364 -0
0.00314555 -0
0.00314745 -0
0.00314936 -0
0.00315126 -0
0.00315317 -0
0.00315507 -0
0.00315698 -0
0.00315888 -0
0.00316079 -0
0.00316269 -0
0.0031646 -0
0.0031665 -0
0.00316841 -0
0.00317031 -0
0.00317222 -0
0.00317412 -0
0.00317603 -0
0.00317793 -0
0.00317984 -0
0.00318174 -0
0.00318365 -0
0.00318556 -0
0.00318746 -0
0.00318937 -0
0.00319127 -0
0.00319318 -0
0.00319508 -0
0.00319699 -0
0.00319889 -0
0.0032008 -0
0.0032027 -0
0.00320461 -0
0.00320651 -0
0.00320842 -0
0.00321032 -0
0.00321223 -0
0.00321413 -0
0.00321604 -0
0.00321794 -0
0.00321985 -0
0.00322175 -0
0.00322366 -0
0.00322557 -0
0.00322747 -0
0.00322938 -0
0.00323128 -0
0.00323319 -0
0.00323509 -0
0.003237 -0
0.0032389 -0
0.00324081 -0
0.00324271 -0
0.00324462 -0
0.00324652 -0
0.00324843 -0
0.00325033 -0
0.00325224 -0
0.00325414 -0
0.00325605 -0
0.00325795 -0
0.00325986 -0
0.00326176 -0
0.00326367 -0
0.00326558 -0
0.00326748 -0
0.00326939 -0
0.00327129 -0
0.0032732 -0
0.0032751 -0
0.00327701 -0
0.00327891 -0
0.00328082 -0
0.00328272 -0
0.00328463 -0
0.00328653 -0
0.00328844 -0
0.00329034 -0
0.00329225 -0
0.00329415 -0
0.00329606 -0
0.00329796 -0
0.00329987 -0
0.00330177 -0
0.00330368 -0
0.00330559 -0
0.00330749 -0
0.0033094 -0
0.0033113 -0
0.00331321 -0
0.00331511 -0
0.00331702 -0
0.00331892 -0
0.00332083 -0
0.00332273 -0
0.00332464 -0
0.00332654 -0
0.00332845 -0
0.00333035 -0
0.00333226 -0
0.00333416 -0
0.00333607 -0
0.00333797 -0
0.00333988 -0
0.00334178 -0
0.00334369 -0
0.00334559 -0
0.0033475 -0
0.00334941 -0
0.00335131 -0
0.00335322 -0
0.00335512 -0
0.00335703 -0
0.00335893 -0
0.00336084 -0
0.00336274 -0
0.00336465 -0
0.00336655 -0
0.00336846 -0
0.00337036 -0
0.00337227 -0
0.00337417 -0
0.00337608 -0
0.00337798 -0
0.00337989 -0
0.00338179 -0
0.0033837 -0
0.0033856 -0
0.00338751 -0
0.00338942 -0
0.00339132 -0
0.00339323 -0
0.00339513 -0
0.00339704 -0
0.00339894 -0
0.00340085 -0
0.00340275 -0
0.00340466 -0
0.00340656 -0
0.00340847 -0
0.00341037 -0
0.00341228 -0
0.00341418 -0
0.00341609 -0
0.00341799 -0
0.0034199 -0
0.0034218 -0
0.00342371 -0
0.00342561 -0
0.00342752 -0
0.00342943 -0
0.00343133 -0
0.00343324 -0
0.00343514 -0
0.00343705 -0
0.00343895 -0
0.00344086 -0
0.00344276 -0
0.00344467 -0
0.00344657 -0
0.00344848 -0
0.00345038 -0
0.00345229 -0
0.00345419 -0
0.0034561 -0
0.003458 -0
0.00345991 -0
0.00346181 -0
0.00346372 -0
0.00346562 -0
0.00346753 -0
0.00346944 -0
0.00347134 -0
0.00347325 -0
0.00347515 -0
0.00347706 -0
0.00347896 -0
0.00348087 -0
0.00348277 -0
0.00348468 -0
0.00348658 -0
0.00348849 -0
0.00349039 -0
0.0034923 -0
0.0034942 -0
0.00349611 -0
0.00349801 -0
0.00349992 -0
0.00350182 -0
0.00350373 -0
0.00350563 -0
0.00350754 -0
0.00350945 -0
0.00351135 -0
0.00351326 -0
0.00351516 -0
0.00351707 -0
0.00351897 -0
0.00352088 -0
0.00352278 -0
0.00352469 -0
0.00352659 -0
0.0035285 -0
0.0035304 -0
0.00353231 -0
0.00353421 -0
0.00353612 -0
0.00353802 -0
0.00353993 -0
0.00354183 -0
0.00354374 -0
0.00354564 -0
0.00354755 -0
0.00354946 -0
0.00355136 -0
0.00355327 -0
0.00355517 -0
0.00355708 -0
0.00355898 -0
0.00356089 -0
0.00356279 -0
0.0035647 -0
0.0035666 -0
0.00356851 -0
0.00357041 -0
0.00357232 -0
0.00357422 -0
0.00357613 -0
0.00357803 -0
0.00357994 -0
0.00358184 -0
0.00358375 -0
0.00358565 -0
0.00358756 -0
0.00358947 -0
0.00359137 -0
0.00359328 -0
0.00359518 -0
0.00359709 -0
0.00359899 -0
0.0036009 -0
0.0036028 -0
0.00360471 -0
0.00360661 -0
0.00360852 -0
0.00361042 -0
0.00361233 -0
0.00361423 -0
0.00361614 -0
0.00361804 -0
0.00361995 -0
0.00362185 -0
0.00362376 -0
0.00362566 -0
0.00362757 -0
0.00362948 -0
0.00363138 -0
0.00363329 -0
0.00363519 -0
0.0036371 -0
0.003639 -0
0.00364091 -0
0.00364281 -0
0.00364472 -0
0.00364662 -0
0.00364853 -0
0.00365043 -0
0.00365234 -0
0.00365424 -0
0.00365615 -0
0.00365805 -0
0.00365996 -0
0.00366186 -0
0.00366377 -0
0.00366567 -0
0.00366758 -0
0.00366949 -0
0.00367139 -0
0.0036733 -0
0.0036752 -0
0.00367711 -0
0.00367901 -0
0.00368092 -0
0.00368282 -0
0.00368473 -0
0.00368663 -0
0.00368854 -0
0.00369044 -0
0.00369235 -0
0.00369425 -0
0.00369616 -0
0.00369806 -0
0.00369997 -0
0.00370187 -0
0.00370378 -0
0.00370568 -0
0.00370759 -0
0.0037095 -0
0.0037114 -0
0.00371331 -0
0.00371521 -0
0.00371712 -0
0.00371902 -0
0.00372093 -0
0.00372283 -0
0.00372474 -0
0.00372664 -0
0.00372855 -0
0.00373045 -0
0.00373236 -0
0.00373426 -0
0.00373617 -0
0.00373807 -0
0.00373998 -0
0.00374188 -0
0.00374379 -0
0.00374569 -0
0.0037476 -0
0.00374951 -0
0.00375141 -0
0.00375332 -0
0.00375522 -0
0.00375713 -0
0.00375903 -0
0.00376094 -0
0.00376284 -0
0.00376475 -0
0.00376665 -0
0.00376856 -0
0.00377046 -0
0.00377237 -0
0.00377427 -0
0.00377618 -0
0.00377808 -0
0.00377999 -0
0.00378189 -0
0.0037838 -0
0.0037857 -0
0.00378761 -0
0.00378952 -0
0.00379142 -0
0.00379333 -0
0.00379523 -0
0.00379714 -0
0.00379904 -0
0.00380095 -0
0.00380285 -0
0.00380476 -0
0.00380666 -0
0.00380857 -0
0.00381047 -0
