0 5.2141e-10
1 9.32624e-11
2 1.92504e-11
3 4.86284e-12
4 1.56717e-12
5 6.40193e-13
6 3.16619e-13
7 1.79804e-13
8 1.12605e-13
9 7.57242e-14
10 5.36705e-14
11 3.94814e-14
12 2.97214e-14
13 2.25932e-14
14 1.71281e-14
15 1.2801e-14
16 9.33888e-15
17 6.63018e-15
18 4.69928e-15
19 3.68129e-15
20 3.56842e-15
21 3.95614e-15
22 4.42599e-15
23 4.77988e-15
24 4.95339e-15
25 4.93893e-15
26 4.75404e-15
27 4.42916e-15
28 4.00318e-15
29 3.52277e-15
30 3.04439e-15
31 2.63729e-15
32 2.37909e-15
33 2.32615e-15
34 2.46999e-15
35 2.74329e-15
36 3.07048e-15
37 3.39696e-15
38 3.6902e-15
39 3.93346e-15
40 4.12066e-15
41 4.25321e-15
42 4.33794e-15
43 4.3856e-15
44 4.40959e-15
45 4.42455e-15
46 4.44484e-15
47 4.48294e-15
48 4.548e-15
49 4.64487e-15
50 4.77392e-15
51 4.93174e-15
52 5.11232e-15
53 5.30843e-15
54 5.51282e-15
55 5.71912e-15
56 5.92232e-15
57 6.119e-15
58 6.30737e-15
59 6.48707e-15
60 6.65899e-15
61 6.82495e-15
62 6.98739e-15
63 7.1491e-15
64 7.31288e-15
65 7.48135e-15
66 7.65671e-15
67 7.84068e-15
68 8.03438e-15
69 8.2384e-15
70 8.45283e-15
71 8.67736e-15
72 8.91141e-15
73 9.15424e-15
74 9.40507e-15
75 9.66319e-15
76 9.92799e-15
77 1.01991e-14
78 1.04762e-14
79 1.07594e-14
80 1.10489e-14
81 1.1345e-14
82 1.16483e-14
83 1.19593e-14
84 1.22787e-14
85 1.26072e-14
86 1.29453e-14
87 1.32936e-14
88 1.36524e-14
89 1.40219e-14
90 1.44022e-14
91 1.47929e-14
92 1.51938e-14
93 1.56041e-14
94 1.60229e-14
95 1.64492e-14
96 1.68818e-14
97 1.73191e-14
98 1.77597e-14
99 1.82018e-14
100 1.86437e-14
101 1.90836e-14
102 1.95198e-14
103 1.99505e-14
104 2.03741e-14
105 2.07889e-14
106 2.11936e-14
107 2.15868e-14
108 2.19675e-14
109 2.23347e-14
110 2.26876e-14
111 2.30259e-14
112 2.33491e-14
113 2.36572e-14
114 2.39504e-14
115 2.42289e-14
116 2.44934e-14
117 2.47447e-14
118 2.49835e-14
119 2.52111e-14
120 2.54286e-14
121 2.56376e-14
122 2.58394e-14
123 2.60356e-14
124 2.6228e-14
125 2.64181e-14
126 2.66077e-14
127 2.67985e-14
128 2.69921e-14
129 2.71901e-14
130 2.73939e-14
131 2.76048e-14
132 2.7824e-14
133 2.80524e-14
134 2.82908e-14
135 2.85395e-14
136 2.87988e-14
137 2.90687e-14
138 2.93486e-14
139 2.9638e-14
140 2.99359e-14
141 3.02409e-14
142 3.05516e-14
143 3.08661e-14
144 3.11825e-14
145 3.14983e-14
146 3.18112e-14
147 3.21186e-14
148 3.24179e-14
149 3.27061e-14
150 3.29806e-14
151 3.32386e-14
152 3.34773e-14
153 3.36942e-14
154 3.38867e-14
155 3.40527e-14
156 3.41903e-14
157 3.42978e-14
158 3.43739e-14
159 3.4418e-14
160 3.44296e-14
161 3.44089e-14
162 3.43569e-14
163 3.42747e-14
164 3.41646e-14
165 3.4029e-14
166 3.38712e-14
167 3.36951e-14
168 3.35049e-14
169 3.33056e-14
170 3.31023e-14
171 3.29005e-14
172 3.2706e-14
173 3.25244e-14
174 3.23612e-14
175 3.22216e-14
176 3.21105e-14
177 3.20319e-14
178 3.19891e-14
179 3.19846e-14
180 3.20197e-14
181 3.20947e-14
182 3.22087e-14
183 3.23597e-14
184 3.25446e-14
185 3.27594e-14
186 3.29992e-14
187 3.32582e-14
188 3.35304e-14
189 3.38091e-14
190 3.40876e-14
191 3.43592e-14
192 3.46172e-14
193 3.48552e-14
194 3.50676e-14
195 3.52489e-14
196 3.53948e-14
197 3.55013e-14
198 3.55656e-14
199 3.55855e-14
200 3.55599e-14
201 3.54884e-14
202 3.53716e-14
203 3.52107e-14
204 3.50081e-14
205 3.47665e-14
206 3.44896e-14
207 3.41815e-14
208 3.38471e-14
209 3.34917e-14
210 3.3121e-14
211 3.27412e-14
212 3.23587e-14
213 3.19801e-14
214 3.16123e-14
215 3.12617e-14
216 3.09348e-14
217 3.06374e-14
218 3.0375e-14
219 3.01521e-14
220 2.9972e-14
221 2.98374e-14
222 2.97494e-14
223 2.9708e-14
224 2.97122e-14
225 2.97597e-14
226 2.98473e-14
227 2.99712e-14
228 3.01268e-14
229 3.03092e-14
230 3.05134e-14
231 3.07342e-14
232 3.09663e-14
233 3.12049e-14
234 3.14451e-14
235 3.16823e-14
236 3.19121e-14
237 3.21304e-14
238 3.23332e-14
239 3.25168e-14
240 3.26777e-14
241 3.28127e-14
242 3.29187e-14
243 3.2993e-14
244 3.3033e-14
245 3.30367e-14
246 3.30022e-14
247 3.29279e-14
248 3.28127e-14
249 3.26559e-14
250 3.2457e-14
251 3.2216e-14
252 3.19333e-14
253 3.16099e-14
254 3.1247e-14
255 3.08466e-14
256 3.04111e-14
257 2.99437e-14
258 2.94481e-14
259 2.89288e-14
260 2.83909e-14
261 2.78403e-14
262 2.72836e-14
263 2.67281e-14
264 2.61814e-14
265 2.56518e-14
266 2.51476e-14
267 2.46775e-14
268 2.42494e-14
269 2.38712e-14
270 2.35494e-14
271 2.32896e-14
272 2.30958e-14
273 2.29703e-14
274 2.29133e-14
275 2.29232e-14
276 2.29966e-14
277 2.31282e-14
278 2.33115e-14
279 2.35387e-14
280 2.38015e-14
281 2.4091e-14
282 2.43986e-14
283 2.47157e-14
284 2.50343e-14
285 2.53468e-14
286 2.56468e-14
287 2.59284e-14
288 2.61866e-14
289 2.64174e-14
290 2.66174e-14
291 2.67842e-14
292 2.69158e-14
293 2.70109e-14
294 2.7069e-14
295 2.70898e-14
296 2.70736e-14
297 2.70209e-14
298 2.69326e-14
299 2.68099e-14
300 2.66542e-14
301 2.64671e-14
302 2.625e-14
303 2.60047e-14
304 2.57329e-14
305 2.5436e-14
306 2.51155e-14
307 2.47727e-14
308 2.44088e-14
309 2.40247e-14
310 2.36214e-14
311 2.31996e-14
312 2.27602e-14
313 2.2304e-14
314 2.18319e-14
315 2.13451e-14
316 2.08451e-14
317 2.03336e-14
318 1.98126e-14
319 1.92847e-14
320 1.87525e-14
321 1.82195e-14
322 1.76892e-14
323 1.71657e-14
324 1.66533e-14
325 1.61568e-14
326 1.56814e-14
327 1.52325e-14
328 1.48158e-14
329 1.44372e-14
330 1.41023e-14
331 1.38168e-14
332 1.35854e-14
333 1.34123e-14
334 1.33003e-14
335 1.32508e-14
336 1.32637e-14
337 1.33373e-14
338 1.34683e-14
339 1.36523e-14
340 1.38837e-14
341 1.41564e-14
342 1.44639e-14
343 1.47995e-14
344 1.51567e-14
345 1.55291e-14
346 1.59107e-14
347 1.6296e-14
348 1.66798e-14
349 1.70573e-14
350 1.74241e-14
351 1.77761e-14
352 1.81098e-14
353 1.84218e-14
354 1.87092e-14
355 1.89694e-14
356 1.92003e-14
357 1.94001e-14
358 1.95673e-14
359 1.97009e-14
360 1.98003e-14
361 1.9865e-14
362 1.98951e-14
363 1.9891e-14
364 1.98534e-14
365 1.97832e-14
366 1.96817e-14
367 1.95503e-14
368 1.93908e-14
369 1.92051e-14
370 1.89953e-14
371 1.87636e-14
372 1.85123e-14
373 1.82438e-14
374 1.79603e-14
375 1.76642e-14
376 1.73576e-14
377 1.70425e-14
378 1.67207e-14
379 1.63938e-14
380 1.60629e-14
381 1.57291e-14
382 1.53931e-14
383 1.50553e-14
384 1.47158e-14
385 1.43744e-14
386 1.40308e-14
387 1.36846e-14
388 1.33351e-14
389 1.29816e-14
390 1.26234e-14
391 1.22599e-14
392 1.18906e-14
393 1.1515e-14
394 1.11331e-14
395 1.07452e-14
396 1.03516e-14
397 9.95352e-15
398 9.55236e-15
399 9.15016e-15
400 8.74953e-15
401 8.35373e-15
402 7.96675e-15
403 7.5933e-15
404 7.23891e-15
405 6.90991e-15
406 6.61333e-15
407 6.35668e-15
408 6.14757e-15
409 5.99311e-15
410 5.89913e-15
411 5.86944e-15
412 5.90525e-15
413 6.00491e-15
414 6.16422e-15
415 6.37703e-15
416 6.63597e-15
417 6.93327e-15
418 7.26128e-15
419 7.61285e-15
420 7.98155e-15
421 8.36167e-15
422 8.74828e-15
423 9.1371e-15
424 9.52449e-15
425 9.90732e-15
426 1.0283e-14
427 1.06491e-14
428 1.1004e-14
429 1.13459e-14
430 1.16736e-14
431 1.19858e-14
432 1.22817e-14
433 1.25605e-14
434 1.28216e-14
435 1.30647e-14
436 1.32894e-14
437 1.34955e-14
438 1.36831e-14
439 1.38523e-14
440 1.40031e-14
441 1.41358e-14
442 1.42506e-14
443 1.43479e-14
444 1.44279e-14
445 1.44909e-14
446 1.45374e-14
447 1.45678e-14
448 1.45824e-14
449 1.45818e-14
450 1.45664e-14
451 1.45368e-14
452 1.44934e-14
453 1.44369e-14
454 1.43677e-14
455 1.42867e-14
456 1.41943e-14
457 1.40913e-14
458 1.39785e-14
459 1.38567e-14
460 1.37267e-14
461 1.35894e-14
462 1.34458e-14
463 1.32967e-14
464 1.31431e-14
465 1.29858e-14
466 1.28258e-14
467 1.26639e-14
468 1.25007e-14
469 1.23371e-14
470 1.21735e-14
471 1.20105e-14
472 1.18483e-14
473 1.16872e-14
474 1.15272e-14
475 1.13682e-14
476 1.12097e-14
477 1.10514e-14
478 1.08927e-14
479 1.07327e-14
480 1.05708e-14
481 1.0406e-14
482 1.02376e-14
483 1.00646e-14
484 9.88598e-15
485 9.70092e-15
486 9.50849e-15
487 9.30784e-15
488 9.09822e-15
489 8.87901e-15
490 8.64973e-15
491 8.41008e-15
492 8.15987e-15
493 7.8991e-15
494 7.62785e-15
495 7.34638e-15
496 7.05508e-15
497 6.7545e-15
498 6.44538e-15
499 6.12868e-15
500 5.80558e-15
501 5.47749e-15
502 5.14609e-15
503 4.81333e-15
504 4.48146e-15
505 4.15315e-15
506 3.83153e-15
507 3.52044e-15
508 3.22463e-15
509 2.95005e-15
510 2.70409e-15
511 2.49558e-15
512 2.3343e-15
513 2.2294e-15
514 2.18708e-15
515 2.20825e-15
516 2.28794e-15
517 2.41686e-15
518 2.58413e-15
519 2.77946e-15
520 2.99427e-15
521 3.22184e-15
522 3.45712e-15
523 3.69632e-15
524 3.93657e-15
525 4.17571e-15
526 4.41212e-15
527 4.64459e-15
528 4.87232e-15
529 5.0948e-15
530 5.31175e-15
531 5.52304e-15
532 5.72859e-15
533 5.92831e-15
534 6.12204e-15
535 6.30957e-15
536 6.49065e-15
537 6.66505e-15
538 6.83258e-15
539 6.99316e-15
540 7.14675e-15
541 7.29336e-15
542 7.43295e-15
543 7.56546e-15
544 7.69073e-15
545 7.80857e-15
546 7.91878e-15
547 8.02123e-15
548 8.11591e-15
549 8.20296e-15
550 8.28265e-15
551 8.3554e-15
552 8.42161e-15
553 8.48166e-15
554 8.5358e-15
555 8.58421e-15
556 8.62697e-15
557 8.6642e-15
558 8.69609e-15
559 8.72298e-15
560 8.74535e-15
561 8.76379e-15
562 8.7789e-15
563 8.79116e-15
564 8.80085e-15
565 8.80797e-15
566 8.81233e-15
567 8.81367e-15
568 8.81181e-15
569 8.80688e-15
570 8.79941e-15
571 8.7904e-15
572 8.78116e-15
573 8.77315e-15
574 8.76771e-15
575 8.76582e-15
576 8.76796e-15
577 8.7741e-15
578 8.78377e-15
579 8.79628e-15
580 8.81097e-15
581 8.8274e-15
582 8.84546e-15
583 8.86531e-15
584 8.88729e-15
585 8.91173e-15
586 8.93873e-15
587 8.96805e-15
588 8.99914e-15
589 9.03119e-15
590 9.06341e-15
591 9.09519e-15
592 9.12632e-15
593 9.15702e-15
594 9.18777e-15
595 9.21917e-15
596 9.25161e-15
597 9.28501e-15
598 9.31871e-15
599 9.35136e-15
600 9.38109e-15
601 9.40575e-15
602 9.42326e-15
603 9.43195e-15
604 9.4308e-15
605 9.41955e-15
606 9.39863e-15
607 9.36894e-15
608 9.33155e-15
609 9.2874e-15
610 9.23705e-15
611 9.18055e-15
612 9.11749e-15
613 9.04715e-15
614 8.96873e-15
615 8.88162e-15
616 8.78552e-15
617 8.68052e-15
618 8.56707e-15
619 8.4458e-15
620 8.31742e-15
621 8.18249e-15
622 8.04144e-15
623 7.89448e-15
624 7.74175e-15
625 7.58338e-15
626 7.41966e-15
627 7.25113e-15
628 7.07865e-15
629 6.90339e-15
630 6.72672e-15
631 6.55008e-15
632 6.37473e-15
633 6.20162e-15
634 6.03121e-15
635 5.86347e-15
636 5.69797e-15
637 5.53404e-15
638 5.37103e-15
639 5.20851e-15
640 5.04641e-15
641 4.8851e-15
642 4.72529e-15
643 4.56793e-15
644 4.41402e-15
645 4.26439e-15
646 4.11956e-15
647 3.97964e-15
648 3.84431e-15
649 3.7129e-15
650 3.58458e-15
651 3.45852e-15
652 3.33408e-15
653 3.21089e-15
654 3.0889e-15
655 2.96831e-15
656 2.84946e-15
657 2.7327e-15
658 2.61832e-15
659 2.50651e-15
660 2.39739e-15
661 2.29107e-15
662 2.18774e-15
663 2.08768e-15
664 1.99131e-15
665 1.89917e-15
666 1.81187e-15
667 1.73009e-15
668 1.65445e-15
669 1.58552e-15
670 1.5237e-15
671 1.46928e-15
672 1.42235e-15
673 1.38296e-15
674 1.35108e-15
675 1.32669e-15
676 1.30972e-15
677 1.30004e-15
678 1.29738e-15
679 1.30122e-15
680 1.31079e-15
681 1.32501e-15
682 1.3426e-15
683 1.36217e-15
684 1.38244e-15
685 1.40236e-15
686 1.42124e-15
687 1.43876e-15
688 1.45478e-15
689 1.4692e-15
690 1.48178e-15
691 1.49214e-15
692 1.49985e-15
693 1.50468e-15
694 1.50665e-15
695 1.50602e-15
696 1.50299e-15
697 1.49748e-15
698 1.48911e-15
699 1.47745e-15
700 1.4624e-15
701 1.44452e-15
702 1.42486e-15
703 1.40441e-15
704 1.38359e-15
705 1.36211e-15
706 1.33945e-15
707 1.31572e-15
708 1.2921e-15
709 1.27051e-15
710 1.25261e-15
711 1.23896e-15
712 1.2291e-15
713 1.22262e-15
714 1.22026e-15
715 1.22408e-15
716 1.23634e-15
717 1.25814e-15
718 1.28903e-15
719 1.32791e-15
720 1.37429e-15
721 1.42864e-15
722 1.49164e-15
723 1.56318e-15
724 1.64218e-15
725 1.72742e-15
726 1.8184e-15
727 1.91548e-15
728 2.01892e-15
729 2.12795e-15
730 2.24081e-15
731 2.35566e-15
732 2.4719e-15
733 2.59045e-15
734 2.71285e-15
735 2.83965e-15
736 2.96949e-15
737 3.09957e-15
738 3.22745e-15
739 3.35274e-15
740 3.47727e-15
741 3.60354e-15
742 3.73245e-15
743 3.86223e-15
744 3.98955e-15
745 4.11202e-15
746 4.23002e-15
747 4.34629e-15
748 4.46345e-15
749 4.5815e-15
750 4.69727e-15
751 4.80647e-15
752 4.90682e-15
753 4.99965e-15
754 5.08898e-15
755 5.17836e-15
756 5.26813e-15
757 5.35499e-15
758 5.43435e-15
759 5.5037e-15
760 5.56437e-15
761 5.62053e-15
762 5.67612e-15
763 5.732e-15
764 5.78545e-15
765 5.8324e-15
766 5.87065e-15
767 5.90155e-15
768 5.92914e-15
769 5.95707e-15
770 5.98599e-15
771 6.01307e-15
772 6.03426e-15
773 6.04739e-15
774 6.05366e-15
775 6.05667e-15
776 6.05958e-15
777 6.06303e-15
778 6.06536e-15
779 6.065e-15
780 6.06302e-15
781 6.06348e-15
782 6.07088e-15
783 6.08647e-15
784 6.10625e-15
785 6.12266e-15
786 6.12906e-15
787 6.12403e-15
788 6.11252e-15
789 6.10282e-15
790 6.10118e-15
791 6.10754e-15
792 6.11528e-15
793 6.11511e-15
794 6.10035e-15
795 6.0702e-15
796 6.02933e-15
797 5.98455e-15
798 5.94119e-15
799 5.90147e-15
800 5.86569e-15
801 5.83447e-15
802 5.80986e-15
803 5.79392e-15
804 5.78616e-15
805 5.78206e-15
806 5.77462e-15
807 5.75834e-15
808 5.73273e-15
809 5.70287e-15
810 5.67615e-15
811 5.65714e-15
812 5.64425e-15
813 5.63056e-15
814 5.60827e-15
815 5.57345e-15
816 5.52777e-15
817 5.47635e-15
818 5.42378e-15
819 5.37127e-15
820 5.31745e-15
821 5.26149e-15
822 5.20583e-15
823 5.15563e-15
824 5.11497e-15
825 5.08289e-15
826 5.05267e-15
827 5.01567e-15
828 4.96686e-15
829 4.90812e-15
830 4.84668e-15
831 4.78966e-15
832 4.73874e-15
833 4.68914e-15
834 4.63371e-15
835 4.56893e-15
836 4.49794e-15
837 4.42816e-15
838 4.36522e-15
839 4.30809e-15
840 4.24966e-15
841 4.18266e-15
842 4.10619e-15
843 4.02753e-15
844 3.9573e-15
845 3.90127e-15
846 3.8552e-15
847 3.80767e-15
848 3.74874e-15
849 3.67781e-15
850 3.60446e-15
851 3.54122e-15
852 3.49347e-15
853 3.45459e-15
854 3.41121e-15
855 3.3544e-15
856 3.28771e-15
857 3.22572e-15
858 3.1831e-15
859 3.16227e-15
860 3.15037e-15
861 3.12915e-15
862 3.08959e-15
863 3.03961e-15
864 2.99911e-15
865 2.98454e-15
866 2.99463e-15
867 3.01064e-15
868 3.01146e-15
869 2.99061e-15
870 2.96213e-15
871 2.95046e-15
872 2.97027e-15
873 3.01246e-15
874 3.05056e-15
875 3.06211e-15
876 3.04712e-15
877 3.03031e-15
878 3.0435e-15
879 3.09824e-15
880 3.17259e-15
881 3.22684e-15
882 3.2341e-15
883 3.20285e-15
884 3.17726e-15
885 3.20917e-15
886 3.31384e-15
887 3.44858e-15
888 3.53597e-15
889 3.50047e-15
890 3.27768e-15
