0 2.12893e-13
1 2.12057e-13
2 2.09526e-13
3 2.05355e-13
4 1.99632e-13
5 1.92475e-13
6 1.84028e-13
7 1.74457e-13
8 1.63942e-13
9 1.52685e-13
10 1.40898e-13
11 1.28813e-13
12 1.16681e-13
13 1.04774e-13
14 9.33894e-14
15 8.28539e-14
16 7.35115e-14
17 6.5699e-14
18 5.96845e-14
19 5.55745e-14
20 5.32307e-14
21 5.22673e-14
22 5.21525e-14
23 5.23465e-14
24 5.23974e-14
25 5.19762e-14
26 5.08732e-14
27 4.89783e-14
28 4.62607e-14
29 4.27507e-14
30 3.85248e-14
31 3.36941e-14
32 2.83944e-14
33 2.27801e-14
34 1.70224e-14
35 1.13267e-14
36 6.07393e-15
37 3.34373e-15
38 6.42049e-15
39 1.0638e-14
40 1.453e-14
41 1.78614e-14
42 2.05506e-14
43 2.25665e-14
44 2.39086e-14
45 2.46019e-14
46 2.46932e-14
47 2.42502e-14
48 2.33595e-14
49 2.21265e-14
50 2.06755e-14
51 1.91493e-14
52 1.77076e-14
53 1.65174e-14
54 1.57295e-14
55 1.54387e-14
56 1.56502e-14
57 1.62787e-14
58 1.71873e-14
59 1.82327e-14
60 1.92938e-14
61 2.02804e-14
62 2.11326e-14
63 2.18156e-14
64 2.23154e-14
65 2.2634e-14
66 2.27865e-14
67 2.27977e-14
68 2.26997e-14
69 2.25291e-14
70 2.23242e-14
71 2.21225e-14
72 2.19579e-14
73 2.18583e-14
74 2.18432e-14
75 2.19234e-14
76 2.21003e-14
77 2.23676e-14
78 2.27129e-14
79 2.31201e-14
80 2.35719e-14
81 2.40513e-14
82 2.45431e-14
83 2.50352e-14
84 2.55185e-14
85 2.5987e-14
86 2.6438e-14
87 2.68715e-14
88 2.72897e-14
89 2.76965e-14
90 2.80969e-14
91 2.84965e-14
92 2.8901e-14
93 2.93153e-14
94 2.97435e-14
95 3.01884e-14
96 3.06511e-14
97 3.11311e-14
98 3.16265e-14
99 3.21337e-14
100 3.2648e-14
101 3.31637e-14
102 3.36745e-14
103 3.41739e-14
104 3.46557e-14
105 3.5114e-14
106 3.55433e-14
107 3.59395e-14
108 3.62991e-14
109 3.66198e-14
110 3.69006e-14
111 3.71414e-14
112 3.73432e-14
113 3.75077e-14
114 3.76378e-14
115 3.77367e-14
116 3.78082e-14
117 3.78563e-14
118 3.78856e-14
119 3.79003e-14
120 3.79048e-14
121 3.79033e-14
122 3.78998e-14
123 3.78982e-14
124 3.79019e-14
125 3.79141e-14
126 3.79378e-14
127 3.79754e-14
128 3.80293e-14
129 3.81014e-14
130 3.81934e-14
131 3.83066e-14
132 3.84418e-14
133 3.85997e-14
134 3.87804e-14
135 3.89838e-14
136 3.9209e-14
137 3.94551e-14
138 3.97206e-14
139 4.00034e-14
140 4.03014e-14
141 4.06117e-14
142 4.09313e-14
143 4.12569e-14
144 4.15849e-14
145 4.19114e-14
146 4.22325e-14
147 4.25441e-14
148 4.28421e-14
149 4.31223e-14
150 4.33809e-14
151 4.36137e-14
152 4.3817e-14
153 4.39874e-14
154 4.41216e-14
155 4.42167e-14
156 4.42703e-14
157 4.42805e-14
158 4.42459e-14
159 4.41658e-14
160 4.404e-14
161 4.38693e-14
162 4.36553e-14
163 4.34001e-14
164 4.31071e-14
165 4.27804e-14
166 4.24247e-14
167 4.20461e-14
168 4.1651e-14
169 4.12468e-14
170 4.08414e-14
171 4.04432e-14
172 4.00607e-14
173 3.97027e-14
174 3.93776e-14
175 3.90935e-14
176 3.88577e-14
177 3.86763e-14
178 3.85543e-14
179 3.84951e-14
180 3.85003e-14
181 3.85697e-14
182 3.87012e-14
183 3.88909e-14
184 3.91331e-14
185 3.94206e-14
186 3.97452e-14
187 4.00974e-14
188 4.04672e-14
189 4.08442e-14
190 4.1218e-14
191 4.15785e-14
192 4.1916e-14
193 4.22215e-14
194 4.24869e-14
195 4.27051e-14
196 4.28703e-14
197 4.29776e-14
198 4.30237e-14
199 4.30063e-14
200 4.29245e-14
201 4.27783e-14
202 4.25694e-14
203 4.23e-14
204 4.19737e-14
205 4.1595e-14
206 4.11691e-14
207 4.07022e-14
208 4.02012e-14
209 3.96733e-14
210 3.91266e-14
211 3.85695e-14
212 3.80107e-14
213 3.74591e-14
214 3.69235e-14
215 3.64125e-14
216 3.59343e-14
217 3.54965e-14
218 3.51058e-14
219 3.47676e-14
220 3.44864e-14
221 3.42648e-14
222 3.41042e-14
223 3.40045e-14
224 3.39641e-14
225 3.39803e-14
226 3.4049e-14
227 3.41656e-14
228 3.43246e-14
229 3.45201e-14
230 3.47461e-14
231 3.49965e-14
232 3.52651e-14
233 3.55461e-14
234 3.58336e-14
235 3.61221e-14
236 3.64062e-14
237 3.66808e-14
238 3.69409e-14
239 3.71817e-14
240 3.73988e-14
241 3.75878e-14
242 3.77445e-14
243 3.78651e-14
244 3.79461e-14
245 3.7984e-14
246 3.7976e-14
247 3.79195e-14
248 3.78122e-14
249 3.76523e-14
250 3.74386e-14
251 3.71703e-14
252 3.68471e-14
253 3.64694e-14
254 3.60385e-14
255 3.55562e-14
256 3.50251e-14
257 3.4449e-14
258 3.38323e-14
259 3.31806e-14
260 3.25004e-14
261 3.17993e-14
262 3.10857e-14
263 3.0369e-14
264 2.96596e-14
265 2.89684e-14
266 2.83067e-14
267 2.7686e-14
268 2.71177e-14
269 2.66126e-14
270 2.61803e-14
271 2.5829e-14
272 2.55646e-14
273 2.53908e-14
274 2.53085e-14
275 2.53157e-14
276 2.5408e-14
277 2.55782e-14
278 2.58175e-14
279 2.61154e-14
280 2.64607e-14
281 2.68418e-14
282 2.7247e-14
283 2.76654e-14
284 2.80868e-14
285 2.85018e-14
286 2.89024e-14
287 2.92816e-14
288 2.96334e-14
289 2.9953e-14
290 3.02368e-14
291 3.04818e-14
292 3.06861e-14
293 3.08484e-14
294 3.0968e-14
295 3.10449e-14
296 3.10796e-14
297 3.10729e-14
298 3.10258e-14
299 3.094e-14
300 3.0817e-14
301 3.06584e-14
302 3.0466e-14
303 3.02415e-14
304 2.99865e-14
305 2.97023e-14
306 2.93902e-14
307 2.90512e-14
308 2.86859e-14
309 2.82949e-14
310 2.78786e-14
311 2.74373e-14
312 2.69714e-14
313 2.64812e-14
314 2.59674e-14
315 2.54307e-14
316 2.48724e-14
317 2.42942e-14
318 2.36979e-14
319 2.30862e-14
320 2.24621e-14
321 2.18291e-14
322 2.11915e-14
323 2.05538e-14
324 1.99215e-14
325 1.93005e-14
326 1.86973e-14
327 1.81193e-14
328 1.75743e-14
329 1.70706e-14
330 1.66168e-14
331 1.62212e-14
332 1.58921e-14
333 1.56364e-14
334 1.54597e-14
335 1.53659e-14
336 1.53564e-14
337 1.54302e-14
338 1.55841e-14
339 1.58125e-14
340 1.61085e-14
341 1.64637e-14
342 1.68692e-14
343 1.73159e-14
344 1.77946e-14
345 1.82964e-14
346 1.88132e-14
347 1.93372e-14
348 1.98613e-14
349 2.0379e-14
350 2.08843e-14
351 2.1372e-14
352 2.18372e-14
353 2.22758e-14
354 2.26838e-14
355 2.30582e-14
356 2.33963e-14
357 2.36958e-14
358 2.39551e-14
359 2.41728e-14
360 2.43482e-14
361 2.44811e-14
362 2.45714e-14
363 2.46196e-14
364 2.46265e-14
365 2.45934e-14
366 2.45218e-14
367 2.44134e-14
368 2.42702e-14
369 2.40946e-14
370 2.3889e-14
371 2.36559e-14
372 2.33981e-14
373 2.31182e-14
374 2.28189e-14
375 2.25028e-14
376 2.21724e-14
377 2.18299e-14
378 2.14773e-14
379 2.11162e-14
380 2.0748e-14
381 2.03738e-14
382 1.99943e-14
383 1.96096e-14
384 1.92199e-14
385 1.88248e-14
386 1.84239e-14
387 1.80163e-14
388 1.76012e-14
389 1.71776e-14
390 1.67446e-14
391 1.63011e-14
392 1.58465e-14
393 1.53799e-14
394 1.4901e-14
395 1.44096e-14
396 1.3906e-14
397 1.33908e-14
398 1.28652e-14
399 1.23308e-14
400 1.17899e-14
401 1.12453e-14
402 1.07005e-14
403 1.01599e-14
404 9.62873e-15
405 9.11321e-15
406 8.62074e-15
407 8.1599e-15
408 7.74045e-15
409 7.37309e-15
410 7.06902e-15
411 6.839e-15
412 6.69213e-15
413 6.63447e-15
414 6.66792e-15
415 6.78978e-15
416 6.99328e-15
417 7.26869e-15
418 7.60476e-15
419 7.98995e-15
420 8.41332e-15
421 8.86497e-15
422 9.33628e-15
423 9.81986e-15
424 1.03095e-14
425 1.07999e-14
426 1.12866e-14
427 1.1766e-14
428 1.2235e-14
429 1.26909e-14
430 1.31316e-14
431 1.35552e-14
432 1.396e-14
433 1.43448e-14
434 1.47085e-14
435 1.50503e-14
436 1.53697e-14
437 1.56661e-14
438 1.59394e-14
439 1.61895e-14
440 1.64164e-14
441 1.66203e-14
442 1.68013e-14
443 1.69599e-14
444 1.70962e-14
445 1.72106e-14
446 1.73037e-14
447 1.7376e-14
448 1.74278e-14
449 1.746e-14
450 1.7473e-14
451 1.74676e-14
452 1.74444e-14
453 1.74041e-14
454 1.73476e-14
455 1.72756e-14
456 1.7189e-14
457 1.70886e-14
458 1.69754e-14
459 1.68503e-14
460 1.67144e-14
461 1.65686e-14
462 1.64139e-14
463 1.62514e-14
464 1.60821e-14
465 1.5907e-14
466 1.5727e-14
467 1.55432e-14
468 1.53565e-14
469 1.51676e-14
470 1.49775e-14
471 1.47868e-14
472 1.45959e-14
473 1.44053e-14
474 1.4215e-14
475 1.40251e-14
476 1.38353e-14
477 1.36453e-14
478 1.34544e-14
479 1.32619e-14
480 1.30673e-14
481 1.28696e-14
482 1.26681e-14
483 1.24619e-14
484 1.225e-14
485 1.20315e-14
486 1.18055e-14
487 1.15709e-14
488 1.1327e-14
489 1.10728e-14
490 1.08076e-14
491 1.0531e-14
492 1.02423e-14
493 9.94143e-15
494 9.62803e-15
495 9.30206e-15
496 8.96357e-15
497 8.61277e-15
498 8.24998e-15
499 7.87569e-15
500 7.49053e-15
501 7.09525e-15
502 6.69071e-15
503 6.27785e-15
504 5.85769e-15
505 5.43127e-15
506 4.99966e-15
507 4.564e-15
508 4.12543e-15
509 3.68518e-15
510 3.24458e-15
511 2.80505e-15
512 2.36826e-15
513 1.93622e-15
514 1.51177e-15
515 1.10012e-15
516 7.15309e-16
517 4.18037e-16
518 4.26691e-16
519 7.17124e-16
520 1.0727e-15
521 1.4386e-15
522 1.80235e-15
523 2.15968e-15
524 2.50864e-15
525 2.84822e-15
526 3.17786e-15
527 3.49735e-15
528 3.80669e-15
529 4.10609e-15
530 4.39581e-15
531 4.67611e-15
532 4.94721e-15
533 5.20918e-15
534 5.46203e-15
535 5.70568e-15
536 5.94006e-15
537 6.16513e-15
538 6.38096e-15
539 6.5877e-15
540 6.78551e-15
541 6.97452e-15
542 7.15475e-15
543 7.3261e-15
544 7.48834e-15
545 7.6412e-15
546 7.78443e-15
547 7.91792e-15
548 8.04175e-15
549 8.15623e-15
550 8.26188e-15
551 8.35931e-15
552 8.44914e-15
553 8.53186e-15
554 8.60782e-15
555 8.67717e-15
556 8.74e-15
557 8.79638e-15
558 8.8465e-15
559 8.89071e-15
560 8.92957e-15
561 8.96374e-15
562 8.99389e-15
563 9.02054e-15
564 9.04398e-15
565 9.06421e-15
566 9.08098e-15
567 9.09397e-15
568 9.10296e-15
569 9.10804e-15
570 9.10975e-15
571 9.1091e-15
572 9.10743e-15
573 9.10623e-15
574 9.10683e-15
575 9.11021e-15
576 9.11686e-15
577 9.12673e-15
578 9.13938e-15
579 9.15413e-15
580 9.17036e-15
581 9.18768e-15
582 9.20597e-15
583 9.22543e-15
584 9.24638e-15
585 9.26909e-15
586 9.29363e-15
587 9.31974e-15
588 9.34684e-15
589 9.37411e-15
590 9.40078e-15
591 9.42627e-15
592 9.45041e-15
593 9.47343e-15
594 9.49593e-15
595 9.51857e-15
596 9.54191e-15
597 9.56606e-15
598 9.59058e-15
599 9.61441e-15
600 9.63594e-15
601 9.65327e-15
602 9.66446e-15
603 9.66788e-15
604 9.66243e-15
605 9.64765e-15
606 9.62365e-15
607 9.59104e-15
608 9.55057e-15
609 9.50297e-15
610 9.44868e-15
611 9.38778e-15
612 9.31995e-15
613 9.24462e-15
614 9.16114e-15
615 9.069e-15
616 8.96793e-15
617 8.858e-15
618 8.73956e-15
619 8.6131e-15
620 8.47917e-15
621 8.33821e-15
622 8.19048e-15
623 8.03611e-15
624 7.87507e-15
625 7.70738e-15
626 7.53313e-15
627 7.35267e-15
628 7.16665e-15
629 6.97601e-15
630 6.78196e-15
631 6.58587e-15
632 6.38908e-15
633 6.19273e-15
634 5.99765e-15
635 5.80425e-15
636 5.61257e-15
637 5.4223e-15
638 5.23305e-15
639 5.04442e-15
640 4.85622e-15
641 4.66855e-15
642 4.48181e-15
643 4.2967e-15
644 4.11406e-15
645 3.93477e-15
646 3.7596e-15
647 3.5891e-15
648 3.42351e-15
649 3.26276e-15
650 3.10648e-15
651 2.95419e-15
652 2.80536e-15
653 2.65953e-15
654 2.51641e-15
655 2.3759e-15
656 2.23804e-15
657 2.10292e-15
658 1.97071e-15
659 1.84149e-15
660 1.71534e-15
661 1.59228e-15
662 1.47237e-15
663 1.35572e-15
664 1.24256e-15
665 1.13327e-15
666 1.02842e-15
667 9.28806e-16
668 8.3554e-16
669 7.50078e-16
670 6.74307e-16
671 6.1055e-16
672 5.61433e-16
673 5.2944e-16
674 5.16126e-16
675 5.21332e-16
676 5.43014e-16
677 5.77881e-16
678 6.22323e-16
679 6.73071e-16
680 7.27452e-16
681 7.8341e-16
682 8.39434e-16
683 8.94496e-16
684 9.47976e-16
685 9.99592e-16
686 1.04928e-15
687 1.09708e-15
688 1.14298e-15
689 1.18689e-15
690 1.22863e-15
691 1.26806e-15
692 1.3052e-15
693 1.34028e-15
694 1.37363e-15
695 1.40554e-15
696 1.43611e-15
697 1.46525e-15
698 1.49284e-15
699 1.51907e-15
700 1.54456e-15
701 1.57023e-15
702 1.59695e-15
703 1.62506e-15
704 1.65434e-15
705 1.6843e-15
706 1.71485e-15
707 1.74656e-15
708 1.7805e-15
709 1.81758e-15
710 1.85798e-15
711 1.90105e-15
712 1.94596e-15
713 1.99248e-15
714 2.0413e-15
715 2.09358e-15
716 2.15014e-15
717 2.21086e-15
718 2.27495e-15
719 2.34164e-15
720 2.41083e-15
721 2.48296e-15
722 2.55844e-15
723 2.63712e-15
724 2.71833e-15
725 2.80155e-15
726 2.88687e-15
727 2.97496e-15
728 3.06631e-15
729 3.16065e-15
730 3.25684e-15
731 3.35369e-15
732 3.45079e-15
733 3.54882e-15
734 3.64896e-15
735 3.75178e-15
736 3.85652e-15
737 3.96134e-15
738 4.06452e-15
739 4.16566e-15
740 4.26595e-15
741 4.36709e-15
742 4.4697e-15
743 4.57241e-15
744 4.67266e-15
745 4.76846e-15
746 4.85982e-15
747 4.9486e-15
748 5.03686e-15
749 5.12503e-15
750 5.21131e-15
751 5.29298e-15
752 5.36837e-15
753 5.43808e-15
754 5.50444e-15
755 5.56966e-15
756 5.63391e-15
757 5.69499e-15
758 5.74973e-15
759 5.79618e-15
760 5.83504e-15
761 5.86914e-15
762 5.90144e-15
763 5.93288e-15
764 5.96166e-15
765 5.98455e-15
766 5.99924e-15
767 6.00598e-15
768 6.00743e-15
769 6.00669e-15
770 6.00524e-15
771 6.00205e-15
772 5.99476e-15
773 5.98162e-15
774 5.96284e-15
775 5.94026e-15
776 5.91574e-15
777 5.88987e-15
778 5.86193e-15
779 5.83137e-15
780 5.79947e-15
781 5.76953e-15
782 5.7452e-15
783 5.72769e-15
784 5.71417e-15
785 5.69878e-15
786 5.676e-15
787 5.64423e-15
788 5.607e-15
789 5.571e-15
790 5.54184e-15
791 5.52026e-15
792 5.50136e-15
793 5.47734e-15
794 5.44183e-15
795 5.39303e-15
796 5.33396e-15
797 5.26998e-15
798 5.20561e-15
799 5.14284e-15
800 5.08192e-15
801 5.02339e-15
802 4.96945e-15
803 4.92297e-15
804 4.88492e-15
805 4.8524e-15
806 4.81943e-15
807 4.78025e-15
808 4.73322e-15
809 4.68215e-15
810 4.63396e-15
811 4.59394e-15
812 4.56185e-15
813 4.53182e-15
814 4.49609e-15
815 4.44977e-15
816 4.39323e-15
817 4.33086e-15
818 4.2673e-15
819 4.2043e-15
820 4.14056e-15
821 4.07443e-15
822 4.00703e-15
823 3.94284e-15
824 3.8869e-15
825 3.84059e-15
826 3.79966e-15
827 3.7563e-15
828 3.7042e-15
829 3.64263e-15
830 3.57673e-15
831 3.51358e-15
832 3.4568e-15
833 3.40396e-15
834 3.34875e-15
835 3.28617e-15
836 3.21664e-15
837 3.14573e-15
838 3.07961e-15
839 3.01994e-15
840 2.96225e-15
841 2.89959e-15
842 2.8286e-15
843 2.75297e-15
844 2.68147e-15
845 2.62153e-15
846 2.57307e-15
847 2.52816e-15
848 2.47692e-15
849 2.41518e-15
850 2.34774e-15
851 2.28483e-15
852 2.23402e-15
853 2.19383e-15
854 2.15497e-15
855 2.10824e-15
856 2.05268e-15
857 1.99718e-15
858 1.95409e-15
859 1.92889e-15
860 1.91487e-15
861 1.89829e-15
862 1.86972e-15
863 1.83205e-15
864 1.79906e-15
865 1.78483e-15
866 1.79138e-15
867 1.80614e-15
868 1.81229e-15
869 1.80245e-15
870 1.78496e-15
871 1.77804e-15
872 1.79484e-15
873 1.83115e-15
874 1.8681e-15
875 1.88775e-15
876 1.88744e-15
877 1.88276e-15
878 1.8962e-15
879 1.93759e-15
880 1.9935e-15
881 2.03709e-15
882 2.04942e-15
883 2.03549e-15
884 2.02487e-15
885 2.05257e-15
886 2.12845e-15
887 2.22278e-15
888 2.28288e-15
889 2.25819e-15
890 2.10642e-15
