0 1.81732e-13
1 1.80985e-13
2 1.78819e-13
3 1.75285e-13
4 1.70462e-13
5 1.64458e-13
6 1.57408e-13
7 1.49476e-13
8 1.40845e-13
9 1.31722e-13
10 1.22329e-13
11 1.12902e-13
12 1.03683e-13
13 9.49186e-14
14 8.68426e-14
15 7.96615e-14
16 7.35286e-14
17 6.85162e-14
18 6.45921e-14
19 6.16141e-14
20 5.93503e-14
21 5.75205e-14
22 5.58423e-14
23 5.40679e-14
24 5.20046e-14
25 4.95223e-14
26 4.65508e-14
27 4.30728e-14
28 3.91152e-14
29 3.47404e-14
30 3.00386e-14
31 2.5121e-14
32 2.01168e-14
33 1.5178e-14
34 1.05099e-14
35 6.5268e-15
36 4.51951e-15
37 5.8822e-15
38 8.6066e-15
39 1.12864e-14
40 1.35587e-14
41 1.5312e-14
42 1.65114e-14
43 1.71576e-14
44 1.72741e-14
45 1.69016e-14
46 1.60943e-14
47 1.49169e-14
48 1.34433e-14
49 1.17554e-14
50 9.94475e-15
51 8.11899e-15
52 6.41905e-15
53 5.05535e-15
54 4.32559e-15
55 4.4197e-15
56 5.12669e-15
57 6.07366e-15
58 7.01646e-15
59 7.83358e-15
60 8.46797e-15
61 8.89576e-15
62 9.11222e-15
63 9.12518e-15
64 8.95146e-15
65 8.61468e-15
66 8.14381e-15
67 7.57221e-15
68 6.93706e-15
69 6.27913e-15
70 5.64263e-15
71 5.07433e-15
72 4.61999e-15
73 4.31615e-15
74 4.17773e-15
75 4.19003e-15
76 4.31417e-15
77 4.50261e-15
78 4.71285e-15
79 4.91343e-15
80 5.08439e-15
81 5.21542e-15
82 5.30388e-15
83 5.35304e-15
84 5.37069e-15
85 5.36796e-15
86 5.35822e-15
87 5.35578e-15
88 5.37452e-15
89 5.42636e-15
90 5.51995e-15
91 5.65976e-15
92 5.8459e-15
93 6.07471e-15
94 6.33983e-15
95 6.63348e-15
96 6.94753e-15
97 7.2744e-15
98 7.60761e-15
99 7.94205e-15
100 8.27413e-15
101 8.60174e-15
102 8.92416e-15
103 9.24183e-15
104 9.55622e-15
105 9.86946e-15
106 1.01842e-14
107 1.05031e-14
108 1.0829e-14
109 1.11641e-14
110 1.15102e-14
111 1.18683e-14
112 1.22388e-14
113 1.26211e-14
114 1.30139e-14
115 1.34153e-14
116 1.38228e-14
117 1.42337e-14
118 1.46449e-14
119 1.50534e-14
120 1.5456e-14
121 1.58501e-14
122 1.62332e-14
123 1.66032e-14
124 1.69587e-14
125 1.72984e-14
126 1.76218e-14
127 1.79288e-14
128 1.82198e-14
129 1.84956e-14
130 1.87574e-14
131 1.90067e-14
132 1.92451e-14
133 1.94748e-14
134 1.96977e-14
135 1.99159e-14
136 2.01315e-14
137 2.03464e-14
138 2.05626e-14
139 2.07816e-14
140 2.10049e-14
141 2.12335e-14
142 2.14684e-14
143 2.171e-14
144 2.19586e-14
145 2.2214e-14
146 2.24758e-14
147 2.27433e-14
148 2.30155e-14
149 2.32911e-14
150 2.35686e-14
151 2.38463e-14
152 2.41224e-14
153 2.4395e-14
154 2.4662e-14
155 2.49214e-14
156 2.51712e-14
157 2.54095e-14
158 2.56345e-14
159 2.58444e-14
160 2.60379e-14
161 2.62138e-14
162 2.63711e-14
163 2.65092e-14
164 2.66279e-14
165 2.67271e-14
166 2.68072e-14
167 2.6869e-14
168 2.69135e-14
169 2.69421e-14
170 2.69566e-14
171 2.6959e-14
172 2.69515e-14
173 2.69366e-14
174 2.6917e-14
175 2.68955e-14
176 2.68749e-14
177 2.68583e-14
178 2.68483e-14
179 2.68476e-14
180 2.68587e-14
181 2.68837e-14
182 2.69242e-14
183 2.69816e-14
184 2.70565e-14
185 2.71491e-14
186 2.72588e-14
187 2.73846e-14
188 2.75249e-14
189 2.76774e-14
190 2.78395e-14
191 2.80082e-14
192 2.81802e-14
193 2.83522e-14
194 2.85206e-14
195 2.86821e-14
196 2.88334e-14
197 2.89716e-14
198 2.90939e-14
199 2.9198e-14
200 2.92821e-14
201 2.93446e-14
202 2.93844e-14
203 2.9401e-14
204 2.93943e-14
205 2.93644e-14
206 2.93122e-14
207 2.92387e-14
208 2.91456e-14
209 2.90347e-14
210 2.89084e-14
211 2.87693e-14
212 2.86204e-14
213 2.84649e-14
214 2.83061e-14
215 2.81475e-14
216 2.79924e-14
217 2.78441e-14
218 2.77058e-14
219 2.75802e-14
220 2.74697e-14
221 2.73761e-14
222 2.73009e-14
223 2.7245e-14
224 2.72087e-14
225 2.71922e-14
226 2.71949e-14
227 2.72161e-14
228 2.72547e-14
229 2.73095e-14
230 2.73792e-14
231 2.74621e-14
232 2.75566e-14
233 2.76611e-14
234 2.77738e-14
235 2.78926e-14
236 2.80157e-14
237 2.81408e-14
238 2.82658e-14
239 2.83882e-14
240 2.85056e-14
241 2.86156e-14
242 2.87155e-14
243 2.88029e-14
244 2.88752e-14
245 2.893e-14
246 2.8965e-14
247 2.89779e-14
248 2.89668e-14
249 2.89296e-14
250 2.88647e-14
251 2.87707e-14
252 2.86463e-14
253 2.84908e-14
254 2.83035e-14
255 2.80846e-14
256 2.78343e-14
257 2.75538e-14
258 2.72444e-14
259 2.69084e-14
260 2.65487e-14
261 2.61687e-14
262 2.57725e-14
263 2.53651e-14
264 2.49516e-14
265 2.4538e-14
266 2.41304e-14
267 2.37353e-14
268 2.33592e-14
269 2.30086e-14
270 2.26895e-14
271 2.24074e-14
272 2.21671e-14
273 2.19724e-14
274 2.18259e-14
275 2.1729e-14
276 2.16816e-14
277 2.16823e-14
278 2.17283e-14
279 2.1816e-14
280 2.19404e-14
281 2.20961e-14
282 2.22772e-14
283 2.24775e-14
284 2.26908e-14
285 2.29112e-14
286 2.31331e-14
287 2.33512e-14
288 2.3561e-14
289 2.37585e-14
290 2.394e-14
291 2.41027e-14
292 2.42442e-14
293 2.43625e-14
294 2.44562e-14
295 2.45244e-14
296 2.45664e-14
297 2.45818e-14
298 2.45708e-14
299 2.45336e-14
300 2.44706e-14
301 2.43826e-14
302 2.42702e-14
303 2.41342e-14
304 2.39755e-14
305 2.37948e-14
306 2.35928e-14
307 2.33702e-14
308 2.31274e-14
309 2.28649e-14
310 2.25831e-14
311 2.22824e-14
312 2.19631e-14
313 2.16257e-14
314 2.12708e-14
315 2.08992e-14
316 2.05118e-14
317 2.01097e-14
318 1.96945e-14
319 1.92677e-14
320 1.88314e-14
321 1.83876e-14
322 1.79389e-14
323 1.74881e-14
324 1.70383e-14
325 1.6593e-14
326 1.6156e-14
327 1.57316e-14
328 1.53245e-14
329 1.49398e-14
330 1.45828e-14
331 1.42592e-14
332 1.39747e-14
333 1.37345e-14
334 1.35437e-14
335 1.34066e-14
336 1.33263e-14
337 1.33047e-14
338 1.33424e-14
339 1.34385e-14
340 1.35904e-14
341 1.37947e-14
342 1.40465e-14
343 1.43404e-14
344 1.46702e-14
345 1.50297e-14
346 1.54124e-14
347 1.58118e-14
348 1.62217e-14
349 1.6636e-14
350 1.70491e-14
351 1.74556e-14
352 1.78507e-14
353 1.82299e-14
354 1.85891e-14
355 1.89248e-14
356 1.92339e-14
357 1.9514e-14
358 1.97628e-14
359 1.99788e-14
360 2.01608e-14
361 2.03081e-14
362 2.04206e-14
363 2.04981e-14
364 2.05414e-14
365 2.05512e-14
366 2.05287e-14
367 2.04753e-14
368 2.03929e-14
369 2.02832e-14
370 2.01485e-14
371 1.99908e-14
372 1.98126e-14
373 1.9616e-14
374 1.94032e-14
375 1.91765e-14
376 1.89378e-14
377 1.86887e-14
378 1.8431e-14
379 1.81659e-14
380 1.78943e-14
381 1.7617e-14
382 1.73344e-14
383 1.70466e-14
384 1.67535e-14
385 1.64548e-14
386 1.61497e-14
387 1.58376e-14
388 1.55176e-14
389 1.51887e-14
390 1.485e-14
391 1.45004e-14
392 1.41391e-14
393 1.37654e-14
394 1.33786e-14
395 1.29785e-14
396 1.25649e-14
397 1.21383e-14
398 1.16992e-14
399 1.12487e-14
400 1.07883e-14
401 1.03197e-14
402 9.84563e-15
403 9.36895e-15
404 8.89344e-15
405 8.4236e-15
406 7.96489e-15
407 7.52379e-15
408 7.108e-15
409 6.72639e-15
410 6.38897e-15
411 6.10645e-15
412 5.88947e-15
413 5.74742e-15
414 5.687e-15
415 5.71095e-15
416 5.81747e-15
417 6.00059e-15
418 6.25129e-15
419 6.55894e-15
420 6.9126e-15
421 7.3019e-15
422 7.71753e-15
423 8.15138e-15
424 8.59656e-15
425 9.04725e-15
426 9.49858e-15
427 9.94647e-15
428 1.03875e-14
429 1.08189e-14
430 1.12382e-14
431 1.16434e-14
432 1.20329e-14
433 1.24053e-14
434 1.27596e-14
435 1.30946e-14
436 1.34099e-14
437 1.37048e-14
438 1.39789e-14
439 1.42319e-14
440 1.44638e-14
441 1.46744e-14
442 1.48637e-14
443 1.50319e-14
444 1.5179e-14
445 1.53055e-14
446 1.54114e-14
447 1.54974e-14
448 1.55637e-14
449 1.56108e-14
450 1.56395e-14
451 1.56502e-14
452 1.56436e-14
453 1.56206e-14
454 1.55821e-14
455 1.55288e-14
456 1.54617e-14
457 1.5382e-14
458 1.52907e-14
459 1.51888e-14
460 1.50777e-14
461 1.49585e-14
462 1.48323e-14
463 1.47004e-14
464 1.45639e-14
465 1.4424e-14
466 1.42816e-14
467 1.41378e-14
468 1.39934e-14
469 1.38492e-14
470 1.37056e-14
471 1.35631e-14
472 1.3422e-14
473 1.32822e-14
474 1.31436e-14
475 1.30059e-14
476 1.28685e-14
477 1.27307e-14
478 1.25917e-14
479 1.24506e-14
480 1.23063e-14
481 1.21577e-14
482 1.20038e-14
483 1.18433e-14
484 1.16752e-14
485 1.14983e-14
486 1.13116e-14
487 1.11141e-14
488 1.09049e-14
489 1.06833e-14
490 1.04487e-14
491 1.02008e-14
492 9.93918e-15
493 9.66387e-15
494 9.37484e-15
495 9.07223e-15
496 8.75626e-15
497 8.42728e-15
498 8.08574e-15
499 7.73221e-15
500 7.36737e-15
501 6.99203e-15
502 6.60712e-15
503 6.21366e-15
504 5.81279e-15
505 5.40568e-15
506 4.99356e-15
507 4.57767e-15
508 4.15927e-15
509 3.73962e-15
510 3.32002e-15
511 2.90182e-15
512 2.48652e-15
513 2.07592e-15
514 1.67246e-15
515 1.28031e-15
516 9.08743e-16
517 5.86906e-16
518 4.247e-16
519 5.6306e-16
520 8.58274e-16
521 1.1918e-15
522 1.53256e-15
523 1.87129e-15
524 2.2043e-15
525 2.52982e-15
526 2.84691e-15
527 3.15507e-15
528 3.45409e-15
529 3.74394e-15
530 4.02467e-15
531 4.29639e-15
532 4.55913e-15
533 4.81284e-15
534 5.05738e-15
535 5.29253e-15
536 5.51802e-15
537 5.73365e-15
538 5.93925e-15
539 6.1348e-15
540 6.32034e-15
541 6.49601e-15
542 6.66193e-15
543 6.81819e-15
544 6.96485e-15
545 7.10192e-15
546 7.22938e-15
547 7.34725e-15
548 7.45562e-15
549 7.55472e-15
550 7.64491e-15
551 7.72663e-15
552 7.8004e-15
553 7.86671e-15
554 7.92598e-15
555 7.97853e-15
556 8.02461e-15
557 8.06443e-15
558 8.09822e-15
559 8.12634e-15
560 8.14924e-15
561 8.16754e-15
562 8.18192e-15
563 8.19307e-15
564 8.20161e-15
565 8.20803e-15
566 8.21268e-15
567 8.21584e-15
568 8.2178e-15
569 8.21898e-15
570 8.22005e-15
571 8.22193e-15
572 8.22573e-15
573 8.23264e-15
574 8.24371e-15
575 8.25974e-15
576 8.28115e-15
577 8.30793e-15
578 8.33977e-15
579 8.37613e-15
580 8.41648e-15
581 8.4604e-15
582 8.50766e-15
583 8.55821e-15
584 8.61207e-15
585 8.6692e-15
586 8.72936e-15
587 8.79203e-15
588 8.8564e-15
589 8.92147e-15
590 8.98627e-15
591 9.04997e-15
592 9.11211e-15
593 9.17256e-15
594 9.2315e-15
595 9.28918e-15
596 9.34574e-15
597 9.40095e-15
598 9.4541e-15
599 9.50393e-15
600 9.54872e-15
601 9.58651e-15
602 9.61538e-15
603 9.63374e-15
604 9.64059e-15
605 9.63559e-15
606 9.61906e-15
607 9.59181e-15
608 9.55489e-15
609 9.50929e-15
610 9.45572e-15
611 9.39449e-15
612 9.32543e-15
613 9.24806e-15
614 9.16176e-15
615 9.06597e-15
616 8.96041e-15
617 8.84513e-15
618 8.72053e-15
619 8.58725e-15
620 8.44604e-15
621 8.29762e-15
622 8.14255e-15
623 7.98119e-15
624 7.81375e-15
625 7.64036e-15
626 7.46118e-15
627 7.27657e-15
628 7.08715e-15
629 6.89384e-15
630 6.69786e-15
631 6.50059e-15
632 6.30341e-15
633 6.10749e-15
634 5.91366e-15
635 5.7223e-15
636 5.53333e-15
637 5.3463e-15
638 5.1606e-15
639 4.97562e-15
640 4.79096e-15
641 4.60657e-15
642 4.42276e-15
643 4.24018e-15
644 4.05971e-15
645 3.88233e-15
646 3.70889e-15
647 3.54004e-15
648 3.37608e-15
649 3.21696e-15
650 3.06234e-15
651 2.91171e-15
652 2.76451e-15
653 2.62027e-15
654 2.47875e-15
655 2.33988e-15
656 2.20383e-15
657 2.07091e-15
658 1.94153e-15
659 1.81609e-15
660 1.69501e-15
661 1.57869e-15
662 1.46756e-15
663 1.36213e-15
664 1.263e-15
665 1.17095e-15
666 1.0869e-15
667 1.01193e-15
668 9.47204e-16
669 8.93876e-16
670 8.52916e-16
671 8.24914e-16
672 8.09897e-16
673 8.07252e-16
674 8.15761e-16
675 8.33766e-16
676 8.59382e-16
677 8.90688e-16
678 9.25863e-16
679 9.63265e-16
680 1.00147e-15
681 1.03928e-15
682 1.07576e-15
683 1.11024e-15
684 1.14232e-15
685 1.17185e-15
686 1.19885e-15
687 1.22341e-15
688 1.24556e-15
689 1.26526e-15
690 1.28238e-15
691 1.29684e-15
692 1.30872e-15
693 1.31834e-15
694 1.32616e-15
695 1.33262e-15
696 1.33801e-15
697 1.34242e-15
698 1.34599e-15
699 1.34915e-15
700 1.3528e-15
701 1.35814e-15
702 1.36631e-15
703 1.37794e-15
704 1.39307e-15
705 1.41156e-15
706 1.43366e-15
707 1.46029e-15
708 1.49273e-15
709 1.53185e-15
710 1.57762e-15
711 1.6292e-15
712 1.68574e-15
713 1.74713e-15
714 1.81414e-15
715 1.88779e-15
716 1.96843e-15
717 2.0554e-15
718 2.14749e-15
719 2.24366e-15
720 2.34362e-15
721 2.4475e-15
722 2.55533e-15
723 2.66659e-15
724 2.78048e-15
725 2.89643e-15
726 3.01453e-15
727 3.13516e-15
728 3.2584e-15
729 3.38349e-15
730 3.5091e-15
731 3.63409e-15
732 3.75825e-15
733 3.88237e-15
734 4.00749e-15
735 4.13382e-15
736 4.26024e-15
737 4.38482e-15
738 4.50605e-15
739 4.62387e-15
740 4.73963e-15
741 4.85488e-15
742 4.96978e-15
743 5.08263e-15
744 5.19075e-15
745 5.29238e-15
746 5.38793e-15
747 5.47956e-15
748 5.56942e-15
749 5.65778e-15
750 5.74274e-15
751 5.82151e-15
752 5.89259e-15
753 5.95684e-15
754 6.01687e-15
755 6.07501e-15
756 6.13142e-15
757 6.18377e-15
758 6.22875e-15
759 6.26439e-15
760 6.29145e-15
761 6.31289e-15
762 6.33189e-15
763 6.34971e-15
764 6.36501e-15
765 6.37506e-15
766 6.37796e-15
767 6.37414e-15
768 6.36604e-15
769 6.3563e-15
770 6.34587e-15
771 6.33356e-15
772 6.31734e-15
773 6.29623e-15
774 6.2713e-15
775 6.2449e-15
776 6.21879e-15
777 6.19272e-15
778 6.1648e-15
779 6.13345e-15
780 6.09944e-15
781 6.06625e-15
782 6.03819e-15
783 6.01717e-15
784 6.00076e-15
785 5.98298e-15
786 5.95778e-15
787 5.92292e-15
788 5.88151e-15
789 5.84023e-15
790 5.80507e-15
791 5.77737e-15
792 5.75272e-15
793 5.72348e-15
794 5.68313e-15
795 5.62958e-15
796 5.5656e-15
797 5.49655e-15
798 5.42721e-15
799 5.36001e-15
800 5.29564e-15
801 5.23501e-15
802 5.18043e-15
803 5.13466e-15
804 5.09825e-15
805 5.0676e-15
806 5.03579e-15
807 4.99632e-15
808 4.94714e-15
809 4.89226e-15
810 4.83927e-15
811 4.7943e-15
812 4.75757e-15
813 4.72298e-15
814 4.68199e-15
815 4.62878e-15
816 4.56322e-15
817 4.48986e-15
818 4.41403e-15
819 4.33829e-15
820 4.26183e-15
821 4.1831e-15
822 4.10308e-15
823 4.02629e-15
824 3.95803e-15
825 3.89999e-15
826 3.84782e-15
827 3.79306e-15
828 3.72845e-15
829 3.65262e-15
830 3.57084e-15
831 3.49112e-15
832 3.41829e-15
833 3.35053e-15
834 3.28111e-15
835 3.20394e-15
836 3.1185e-15
837 3.03027e-15
838 2.94646e-15
839 2.87002e-15
840 2.7971e-15
841 2.72027e-15
842 2.63496e-15
843 2.54408e-15
844 2.4568e-15
845 2.38201e-15
846 2.3211e-15
847 2.26638e-15
848 2.20694e-15
849 2.13725e-15
850 2.0616e-15
851 1.99104e-15
852 1.93468e-15
853 1.89194e-15
854 1.85306e-15
855 1.80792e-15
856 1.75532e-15
857 1.70525e-15
858 1.67166e-15
859 1.66035e-15
860 1.66288e-15
861 1.66332e-15
862 1.65155e-15
863 1.63187e-15
864 1.62055e-15
865 1.63269e-15
866 1.66841e-15
867 1.71171e-15
868 1.74375e-15
869 1.75776e-15
870 1.76452e-15
871 1.78442e-15
872 1.83046e-15
873 1.8959e-15
874 1.95927e-15
875 2.00176e-15
876 2.02183e-15
877 2.03716e-15
878 2.07165e-15
879 2.1348e-15
880 2.21132e-15
881 2.27249e-15
882 2.29861e-15
883 2.29558e-15
884 2.29528e-15
885 2.33528e-15
886 2.42655e-15
887 2.53795e-15
888 2.6128e-15
889 2.59522e-15
890 2.43617e-15
