0 0
1 -0.0341531
2 -0.138438
3 -0.313104
4 -0.558614
5 -0.875718
6 -1.26551
7 -1.72947
8 -2.26939
9 -2.88731
10 -3.58512
11 -4.36399
12 -5.2232
13 -6.15817
14 -7.15725
15 -8.19695
16 -9.2361
17 -10.212
18 -11.046
19 -11.6657
20 -12.04
21 -12.1986
22 -12.2177
23 -12.1855
24 -12.177
25 -12.2471
26 -12.4334
27 -12.7631
28 -13.259
29 -13.9443
30 -14.8484
31 -16.0121
32 -17.4986
33 -19.4121
34 -21.9428
35 -25.4811
36 -30.8938
37 -36.0786
38 -30.4118
39 -26.026
40 -23.3179
41 -21.5249
42 -20.3067
43 -19.4939
44 -18.9921
45 -18.7438
46 -18.7117
47 -18.8689
48 -19.1939
49 -19.6649
50 -20.2541
51 -20.9202
52 -21.6
53 -22.2044
54 -22.6289
55 -22.791
56 -22.6728
57 -22.3308
58 -21.8591
59 -21.3462
60 -20.8549
61 -20.4217
62 -20.0642
63 -19.7879
64 -19.5911
65 -19.468
66 -19.4097
67 -19.4054
68 -19.4428
69 -19.5083
70 -19.5877
71 -19.6665
72 -19.7314
73 -19.7709
74 -19.7769
75 -19.7451
76 -19.6752
77 -19.5708
78 -19.4378
79 -19.2834
80 -19.1153
81 -18.9405
82 -18.7646
83 -18.5922
84 -18.4261
85 -18.2681
86 -18.1186
87 -17.9774
88 -17.8432
89 -17.7147
90 -17.59
91 -17.4674
92 -17.345
93 -17.2213
94 -17.0954
95 -16.9664
96 -16.8343
97 -16.6993
98 -16.5622
99 -16.424
100 -16.2861
101 -16.15
102 -16.0172
103 -15.8893
104 -15.7677
105 -15.6536
106 -15.548
107 -15.4518
108 -15.3653
109 -15.2889
110 -15.2225
111 -15.166
112 -15.119
113 -15.0808
114 -15.0507
115 -15.0279
116 -15.0115
117 -15.0004
118 -14.9937
119 -14.9904
120 -14.9893
121 -14.9897
122 -14.9905
123 -14.9908
124 -14.99
125 -14.9872
126 -14.9818
127 -14.9732
128 -14.9608
129 -14.9444
130 -14.9234
131 -14.8977
132 -14.8671
133 -14.8315
134 -14.791
135 -14.7455
136 -14.6955
137 -14.6411
138 -14.5829
139 -14.5213
140 -14.4568
141 -14.3902
142 -14.3221
143 -14.2533
144 -14.1845
145 -14.1166
146 -14.0503
147 -13.9864
148 -13.9258
149 -13.8692
150 -13.8172
151 -13.7708
152 -13.7304
153 -13.6966
154 -13.6702
155 -13.6515
156 -13.641
157 -13.639
158 -13.6457
159 -13.6615
160 -13.6863
161 -13.72
162 -13.7625
163 -13.8134
164 -13.8722
165 -13.9383
166 -14.0108
167 -14.0887
168 -14.1707
169 -14.2554
170 -14.3412
171 -14.4263
172 -14.5088
173 -14.5868
174 -14.6582
175 -14.7211
176 -14.7737
177 -14.8143
178 -14.8417
179 -14.8551
180 -14.8539
181 -14.8383
182 -14.8087
183 -14.7663
184 -14.7123
185 -14.6487
186 -14.5775
187 -14.5009
188 -14.4212
189 -14.3406
190 -14.2615
191 -14.1858
192 -14.1156
193 -14.0525
194 -13.9981
195 -13.9536
196 -13.9201
197 -13.8984
198 -13.889
199 -13.8926
200 -13.9091
201 -13.9387
202 -13.9813
203 -14.0364
204 -14.1037
205 -14.1824
206 -14.2718
207 -14.3708
208 -14.4784
209 -14.5932
210 -14.7138
211 -14.8383
212 -14.9651
213 -15.0921
214 -15.2172
215 -15.3382
216 -15.453
217 -15.5595
218 -15.6556
219 -15.7397
220 -15.8103
221 -15.8663
222 -15.9071
223 -15.9325
224 -15.9428
225 -15.9387
226 -15.9211
227 -15.8914
228 -15.8511
229 -15.8018
230 -15.7451
231 -15.6827
232 -15.6163
233 -15.5474
234 -15.4774
235 -15.4078
236 -15.3397
237 -15.2744
238 -15.2131
239 -15.1566
240 -15.1061
241 -15.0623
242 -15.0261
243 -14.9984
244 -14.9799
245 -14.9712
246 -14.973
247 -14.986
248 -15.0106
249 -15.0474
250 -15.0968
251 -15.1593
252 -15.2352
253 -15.3246
254 -15.4279
255 -15.5449
256 -15.6756
257 -15.8197
258 -15.9766
259 -16.1455
260 -16.3254
261 -16.5149
262 -16.712
263 -16.9146
264 -17.1199
265 -17.3247
266 -17.5254
267 -17.718
268 -17.8981
269 -18.0615
270 -18.2037
271 -18.3211
272 -18.4104
273 -18.4697
274 -18.4979
275 -18.4954
276 -18.4638
277 -18.4058
278 -18.3249
279 -18.2253
280 -18.1112
281 -17.987
282 -17.8568
283 -17.7245
284 -17.5932
285 -17.4658
286 -17.3445
287 -17.2313
288 -17.1276
289 -17.0344
290 -16.9525
291 -16.8824
292 -16.8244
293 -16.7786
294 -16.745
295 -16.7234
296 -16.7137
297 -16.7156
298 -16.7287
299 -16.7528
300 -16.7874
301 -16.8322
302 -16.8869
303 -16.9511
304 -17.0247
305 -17.1074
306 -17.1992
307 -17.2999
308 -17.4099
309 -17.5291
310 -17.6578
311 -17.7964
312 -17.9451
313 -18.1045
314 -18.2747
315 -18.456
316 -18.6488
317 -18.8532
318 -19.069
319 -19.2962
320 -19.5342
321 -19.7825
322 -20.04
323 -20.3054
324 -20.5768
325 -20.8519
326 -21.1276
327 -21.4004
328 -21.6656
329 -21.9182
330 -22.1523
331 -22.3615
332 -22.5396
333 -22.6805
334 -22.7792
335 -22.832
336 -22.8374
337 -22.7958
338 -22.7096
339 -22.5832
340 -22.4221
341 -22.2327
342 -22.0213
343 -21.7943
344 -21.5575
345 -21.3159
346 -21.074
347 -20.8353
348 -20.6031
349 -20.3796
350 -20.1668
351 -19.9663
352 -19.7793
353 -19.6066
354 -19.4489
355 -19.3067
356 -19.1803
357 -19.0698
358 -18.9753
359 -18.8967
360 -18.8339
361 -18.7866
362 -18.7546
363 -18.7376
364 -18.7351
365 -18.7468
366 -18.7722
367 -18.8107
368 -18.8617
369 -18.9248
370 -18.9993
371 -19.0844
372 -19.1796
373 -19.2841
374 -19.3973
375 -19.5185
376 -19.6469
377 -19.7822
378 -19.9236
379 -20.0709
380 -20.2237
381 -20.3817
382 -20.5451
383 -20.7138
384 -20.8882
385 -21.0686
386 -21.2556
387 -21.4499
388 -21.6524
389 -21.864
390 -22.0857
391 -22.3189
392 -22.5646
393 -22.8242
394 -23.0989
395 -23.3902
396 -23.6992
397 -24.0271
398 -24.3749
399 -24.7434
400 -25.133
401 -25.5438
402 -25.9751
403 -26.4254
404 -26.8918
405 -27.3698
406 -27.8523
407 -28.3295
408 -28.7879
409 -29.2102
410 -29.576
411 -29.8634
412 -30.0519
413 -30.1271
414 -30.0834
415 -29.9261
416 -29.6696
417 -29.3341
418 -28.9415
419 -28.5123
420 -28.0639
421 -27.6097
422 -27.1597
423 -26.7211
424 -26.2985
425 -25.8949
426 -25.5119
427 -25.1506
428 -24.8111
429 -24.4933
430 -24.1968
431 -23.9211
432 -23.6655
433 -23.4293
434 -23.2118
435 -23.0123
436 -22.8299
437 -22.664
438 -22.5138
439 -22.3786
440 -22.2577
441 -22.1504
442 -22.0563
443 -21.9748
444 -21.9052
445 -21.8473
446 -21.8004
447 -21.7642
448 -21.7383
449 -21.7223
450 -21.7159
451 -21.7186
452 -21.7301
453 -21.7502
454 -21.7784
455 -21.8145
456 -21.8582
457 -21.9091
458 -21.9668
459 -22.031
460 -22.1014
461 -22.1775
462 -22.259
463 -22.3454
464 -22.4364
465 -22.5315
466 -22.6303
467 -22.7324
468 -22.8374
469 -22.9448
470 -23.0544
471 -23.1657
472 -23.2786
473 -23.3928
474 -23.5083
475 -23.6251
476 -23.7434
477 -23.8636
478 -23.986
479 -24.1111
480 -24.2395
481 -24.3719
482 -24.509
483 -24.6515
484 -24.8005
485 -24.9568
486 -25.1215
487 -25.2958
488 -25.4809
489 -25.6781
490 -25.8886
491 -26.1138
492 -26.3552
493 -26.6142
494 -26.8925
495 -27.1916
496 -27.5136
497 -27.8604
498 -28.2342
499 -28.6374
500 -29.073
501 -29.5439
502 -30.0538
503 -30.607
504 -31.2087
505 -31.8652
506 -32.5844
507 -33.3763
508 -34.2538
509 -35.234
510 -36.3401
511 -37.6044
512 -39.0746
513 -40.8241
514 -42.9735
515 -45.7344
516 -49.4733
517 -54.1389
518 -53.9609
519 -49.4513
520 -45.9537
521 -43.4044
522 -41.4464
523 -39.8754
524 -38.5744
525 -37.4717
526 -36.5205
527 -35.6884
528 -34.9523
529 -34.2946
530 -33.7024
531 -33.1655
532 -32.676
533 -32.2278
534 -31.8161
535 -31.4371
536 -31.0874
537 -30.7644
538 -30.4655
539 -30.1885
540 -29.9316
541 -29.6929
542 -29.4713
543 -29.2658
544 -29.0755
545 -28.9
546 -28.7387
547 -28.591
548 -28.4562
549 -28.3334
550 -28.2216
551 -28.1198
552 -28.027
553 -27.9423
554 -27.8654
555 -27.7956
556 -27.733
557 -27.6771
558 -27.6278
559 -27.5845
560 -27.5466
561 -27.5134
562 -27.4843
563 -27.4586
564 -27.436
565 -27.4166
566 -27.4006
567 -27.3881
568 -27.3796
569 -27.3747
570 -27.3731
571 -27.3737
572 -27.3753
573 -27.3764
574 -27.3759
575 -27.3726
576 -27.3663
577 -27.3569
578 -27.3449
579 -27.3309
580 -27.3155
581 -27.2991
582 -27.2818
583 -27.2635
584 -27.2438
585 -27.2225
586 -27.1995
587 -27.1751
588 -27.1499
589 -27.1246
590 -27.0999
591 -27.0764
592 -27.0542
593 -27.0331
594 -27.0125
595 -26.9918
596 -26.9705
597 -26.9485
598 -26.9263
599 -26.9048
600 -26.8853
601 -26.8697
602 -26.8597
603 -26.8566
604 -26.8615
605 -26.8748
606 -26.8964
607 -26.9259
608 -26.9626
609 -27.006
610 -27.0558
611 -27.1119
612 -27.1749
613 -27.2454
614 -27.3242
615 -27.412
616 -27.5094
617 -27.6165
618 -27.7334
619 -27.86
620 -27.9961
621 -28.1418
622 -28.297
623 -28.4623
624 -28.6381
625 -28.8251
626 -29.0237
627 -29.2343
628 -29.4569
629 -29.6911
630 -29.9361
631 -30.1909
632 -30.4544
633 -30.7256
634 -31.0036
635 -31.2883
636 -31.58
637 -31.8795
638 -32.1881
639 -32.507
640 -32.8373
641 -33.1796
642 -33.5341
643 -33.9005
644 -34.2778
645 -34.6648
646 -35.0604
647 -35.4635
648 -35.8738
649 -36.2915
650 -36.7178
651 -37.1544
652 -37.6035
653 -38.0671
654 -38.5476
655 -39.0466
656 -39.5659
657 -40.1067
658 -40.6708
659 -41.2598
660 -41.8762
661 -42.5228
662 -43.2029
663 -43.9198
664 -44.6768
665 -45.4765
666 -46.3198
667 -47.2047
668 -48.1239
669 -49.0611
670 -49.9861
671 -50.8488
672 -51.5773
673 -52.0869
674 -52.3081
675 -52.2209
676 -51.867
677 -51.3264
678 -50.6829
679 -50.002
680 -49.3271
681 -48.6834
682 -48.0835
683 -47.5316
684 -47.0273
685 -46.5668
686 -46.1454
687 -45.7584
688 -45.4024
689 -45.075
690 -44.7748
691 -44.5004
692 -44.2497
693 -44.0193
694 -43.8058
695 -43.6063
696 -43.4194
697 -43.245
698 -43.0829
699 -42.9317
700 -42.7871
701 -42.6439
702 -42.4974
703 -42.3458
704 -42.1907
705 -42.0348
706 -41.8787
707 -41.7195
708 -41.5524
709 -41.3733
710 -41.1824
711 -40.9833
712 -40.7805
713 -40.5753
714 -40.3651
715 -40.1454
716 -39.9139
717 -39.672
718 -39.4238
719 -39.1728
720 -38.9199
721 -38.6638
722 -38.4037
723 -38.1406
724 -37.8772
725 -37.6152
726 -37.3547
727 -37.0936
728 -36.8309
729 -36.5677
730 -36.3073
731 -36.0527
732 -35.8048
733 -35.5615
734 -35.3198
735 -35.0785
736 -34.8393
737 -34.6064
738 -34.383
739 -34.1695
740 -33.9629
741 -33.7594
742 -33.5577
743 -33.3603
744 -33.1719
745 -32.9956
746 -32.8308
747 -32.6736
748 -32.52
749 -32.3693
750 -32.2243
751 -32.0892
752 -31.9664
753 -31.8543
754 -31.7489
755 -31.6466
756 -31.547
757 -31.4533
758 -31.3703
759 -31.3004
760 -31.2423
761 -31.1917
762 -31.144
763 -31.0979
764 -31.0559
765 -31.0226
766 -31.0013
767 -30.9915
768 -30.9894
769 -30.9905
770 -30.9926
771 -30.9972
772 -31.0078
773 -31.0268
774 -31.0541
775 -31.0871
776 -31.123
777 -31.1611
778 -31.2024
779 -31.2478
780 -31.2954
781 -31.3404
782 -31.3771
783 -31.4036
784 -31.4241
785 -31.4476
786 -31.4824
787 -31.5311
788 -31.5886
789 -31.6445
790 -31.6901
791 -31.724
792 -31.7538
793 -31.7918
794 -31.8483
795 -31.9266
796 -32.0222
797 -32.127
798 -32.2338
799 -32.3391
800 -32.4427
801 -32.5433
802 -32.637
803 -32.7187
804 -32.7861
805 -32.8441
806 -32.9033
807 -32.9742
808 -33.0601
809 -33.1543
810 -33.2442
811 -33.3195
812 -33.3804
813 -33.4378
814 -33.5065
815 -33.5965
816 -33.7075
817 -33.8317
818 -33.9601
819 -34.0893
820 -34.222
821 -34.3619
822 -34.5068
823 -34.647
824 -34.7712
825 -34.8753
826 -34.9683
827 -35.068
828 -35.1893
829 -35.3349
830 -35.4935
831 -35.6482
832 -35.7897
833 -35.9235
834 -36.0656
835 -36.2294
836 -36.4152
837 -36.6088
838 -36.7933
839 -36.9632
840 -37.1308
841 -37.3165
842 -37.5318
843 -37.7672
844 -37.9957
845 -38.1921
846 -38.3542
847 -38.5071
848 -38.685
849 -38.9042
850 -39.1502
851 -39.3861
852 -39.5815
853 -39.7391
854 -39.8944
855 -40.0848
856 -40.3168
857 -40.5549
858 -40.7443
859 -40.8571
860 -40.9204
861 -40.996
862 -41.1277
863 -41.3045
864 -41.4623
865 -41.5312
866 -41.4994
867 -41.4282
868 -41.3987
869 -41.446
870 -41.5307
871 -41.5644
872 -41.4827
873 -41.3088
874 -41.1352
875 -41.0443
876 -41.0458
877 -41.0673
878 -41.0055
879 -40.818
880 -40.5709
881 -40.383
882 -40.3306
883 -40.3898
884 -40.4353
885 -40.3172
886 -40.002
887 -39.6253
888 -39.3936
889 -39.488
890 -40.0923
