0 0
1 -14.8803
2 -28.4984
3 -40.3836
4 -50.2172
5 -58.0585
6 -64.2835
7 -69.3329
8 -73.5406
9 -77.121
10 -80.2209
11 -82.9649
12 -85.4729
13 -87.8611
14 -90.2403
15 -92.7191
16 -95.4137
17 -98.4533
18 -101.928
19 -105.476
20 -107.131
21 -105.917
22 -104.138
23 -102.817
24 -102.008
25 -101.622
26 -101.583
27 -101.836
28 -102.345
29 -103.084
30 -104.025
31 -105.117
32 -106.253
33 -107.226
34 -107.756
35 -107.672
36 -107.082
37 -106.252
38 -105.4
39 -104.641
40 -104.016
41 -103.534
42 -103.185
43 -102.947
44 -102.796
45 -102.7
46 -102.625
47 -102.541
48 -102.419
49 -102.244
50 -102.009
51 -101.724
52 -101.404
53 -101.069
54 -100.739
55 -100.424
56 -100.13
57 -99.8528
58 -99.5871
59 -99.327
60 -99.0708
61 -98.823
62 -98.5928
63 -98.3904
64 -98.2233
65 -98.0929
66 -97.9928
67 -97.9094
68 -97.8244
69 -97.7191
70 -97.5803
71 -97.404
72 -97.1966
73 -96.972
74 -96.7464
75 -96.5325
76 -96.336
77 -96.154
78 -95.9764
79 -95.79
80 -95.5836
81 -95.3528
82 -95.1019
83 -94.8418
84 -94.5858
85 -94.3442
86 -94.121
87 -93.9129
88 -93.7107
89 -93.5036
90 -93.2828
91 -93.0453
92 -92.7951
93 -92.5404
94 -92.2908
95 -92.0534
96 -91.8306
97 -91.6203
98 -91.417
99 -91.2152
100 -91.0111
101 -90.8048
102 -90.5994
103 -90.3996
104 -90.2098
105 -90.0324
106 -89.8674
107 -89.7133
108 -89.5679
109 -89.43
110 -89.2995
111 -89.1767
112 -89.062
113 -88.9544
114 -88.8523
115 -88.7536
116 -88.6573
117 -88.5644
118 -88.4775
119 -88.3999
120 -88.3335
121 -88.2771
122 -88.2261
123 -88.1736
124 -88.1136
125 -88.0434
126 -87.9657
127 -87.8871
128 -87.8157
129 -87.7564
130 -87.7084
131 -87.665
132 -87.6158
133 -87.5519
134 -87.47
135 -87.3745
136 -87.2758
137 -87.1849
138 -87.1085
139 -87.0458
140 -86.9888
141 -86.9266
142 -86.8504
143 -86.7587
144 -86.6578
145 -86.5594
146 -86.4741
147 -86.4072
148 -86.3566
149 -86.314
150 -86.2699
151 -86.2181
152 -86.1596
153 -86.1014
154 -86.0532
155 -86.0223
156 -86.0107
157 -86.0142
158 -86.026
159 -86.0398
160 -86.0536
161 -86.0703
162 -86.0955
163 -86.1338
164 -86.1861
165 -86.2489
166 -86.3166
167 -86.385
168 -86.4536
169 -86.5258
170 -86.6054
171 -86.6931
172 -86.784
173 -86.8691
174 -86.9393
175 -86.9914
176 -87.0296
177 -87.0639
178 -87.103
179 -87.148
180 -87.1905
181 -87.2154
182 -87.2095
183 -87.1703
184 -87.1082
185 -87.0416
186 -86.9869
187 -86.9503
188 -86.9246
189 -86.8944
190 -86.8451
191 -86.7728
192 -86.6874
193 -86.6074
194 -86.5505
195 -86.5248
196 -86.5257
197 -86.539
198 -86.5501
199 -86.5518
200 -86.5493
201 -86.5567
202 -86.5885
203 -86.6514
204 -86.7408
205 -86.8438
206 -86.9462
207 -87.0414
208 -87.1341
209 -87.2363
210 -87.3592
211 -87.5043
212 -87.6613
213 -87.8124
214 -87.9431
215 -88.0507
216 -88.1465
217 -88.2469
218 -88.3611
219 -88.4822
220 -88.5888
221 -88.656
222 -88.672
223 -88.6465
224 -88.6053
225 -88.5737
226 -88.5607
227 -88.5543
228 -88.5287
229 -88.4612
230 -88.3484
231 -88.2097
232 -88.0754
233 -87.9695
234 -87.897
235 -87.8438
236 -87.7856
237 -87.704
238 -87.5984
239 -87.4866
240 -87.3933
241 -87.336
242 -87.3152
243 -87.3158
244 -87.3161
245 -87.3014
246 -87.2741
247 -87.2524
248 -87.2589
249 -87.3074
250 -87.3946
251 -87.5015
252 -87.6038
253 -87.6867
254 -87.7554
255 -87.8328
256 -87.946
257 -88.1104
258 -88.3199
259 -88.5477
260 -88.7596
261 -88.9337
262 -89.0754
263 -89.2147
264 -89.3869
265 -89.6099
266 -89.8713
267 -90.1303
268 -90.337
269 -90.4636
270 -90.5238
271 -90.5623
272 -90.6227
273 -90.719
274 -90.8253
275 -90.8889
276 -90.8634
277 -90.7438
278 -90.5714
279 -90.4058
280 -90.2885
281 -90.2235
282 -90.1781
283 -90.1032
284 -89.9646
285 -89.7677
286 -89.5542
287 -89.3764
288 -89.2684
289 -89.232
290 -89.2363
291 -89.2335
292 -89.1839
293 -89.081
294 -88.9554
295 -88.8557
296 -88.8215
297 -88.8653
298 -88.9673
299 -89.0825
300 -89.1626
301 -89.1826
302 -89.1571
303 -89.1314
304 -89.1549
305 -89.2566
306 -89.4328
307 -89.6469
308 -89.8443
309 -89.9803
310 -90.0474
311 -90.082
312 -90.1422
313 -90.2773
314 -90.5058
315 -90.8075
316 -91.1285
317 -91.4031
318 -91.5904
319 -91.7025
320 -91.7978
321 -91.9473
322 -92.1997
323 -92.5617
324 -92.9926
325 -93.4134
326 -93.7406
327 -93.9365
328 -94.0376
329 -94.1287
330 -94.2906
331 -94.5618
332 -94.9226
333 -95.2964
334 -95.5758
335 -95.681
336 -95.6153
337 -95.4589
338 -95.3088
339 -95.2259
340 -95.2169
341 -95.2407
342 -95.2308
343 -95.1296
344 -94.9214
345 -94.6383
346 -94.3364
347 -94.0652
348 -93.8507
349 -93.6927
350 -93.5726
351 -93.464
352 -93.3448
353 -93.2047
354 -93.0476
355 -92.8865
356 -92.7365
357 -92.6093
358 -92.5111
359 -92.4425
360 -92.401
361 -92.3823
362 -92.3819
363 -92.3949
364 -92.4165
365 -92.4421
366 -92.4683
367 -92.4943
368 -92.5228
369 -92.5597
370 -92.6126
371 -92.6884
372 -92.7906
373 -92.9176
374 -93.0625
375 -93.2145
376 -93.3617
377 -93.4953
378 -93.6126
379 -93.718
380 -93.8215
381 -93.935
382 -94.0684
383 -94.2271
384 -94.4101
385 -94.6111
386 -94.8201
387 -95.0267
388 -95.2234
389 -95.4078
390 -95.5835
391 -95.7586
392 -95.9433
393 -96.147
394 -96.3769
395 -96.6363
396 -96.9254
397 -97.2421
398 -97.5832
399 -97.9458
400 -98.3283
401 -98.731
402 -99.1551
403 -99.6022
404 -100.072
405 -100.563
406 -101.066
407 -101.571
408 -102.06
409 -102.514
410 -102.911
411 -103.233
412 -103.469
413 -103.611
414 -103.663
415 -103.629
416 -103.517
417 -103.336
418 -103.093
419 -102.799
420 -102.463
421 -102.094
422 -101.705
423 -101.304
424 -100.901
425 -100.503
426 -100.116
427 -99.7445
428 -99.3899
429 -99.0539
430 -98.737
431 -98.4392
432 -98.1601
433 -97.8991
434 -97.6558
435 -97.4296
436 -97.2203
437 -97.0274
438 -96.8508
439 -96.6902
440 -96.5454
441 -96.416
442 -96.3014
443 -96.2012
444 -96.1146
445 -96.0406
446 -95.9784
447 -95.9269
448 -95.8854
449 -95.8528
450 -95.8286
451 -95.8122
452 -95.8034
453 -95.8021
454 -95.8084
455 -95.8229
456 -95.8461
457 -95.8789
458 -95.9223
459 -95.9776
460 -96.0459
461 -96.1284
462 -96.2262
463 -96.3403
464 -96.4714
465 -96.6199
466 -96.7861
467 -96.9697
468 -97.1703
469 -97.3868
470 -97.6179
471 -97.8618
472 -98.1163
473 -98.3785
474 -98.6455
475 -98.9139
476 -99.1801
477 -99.4408
478 -99.6924
479 -99.9319
480 -100.157
481 -100.364
482 -100.554
483 -100.725
484 -100.879
485 -101.016
486 -101.139
487 -101.251
488 -101.354
489 -101.452
490 -101.548
491 -101.645
492 -101.745
493 -101.852
494 -101.967
495 -102.092
496 -102.23
497 -102.381
498 -102.547
499 -102.727
500 -102.923
501 -103.135
502 -103.362
503 -103.607
504 -103.868
505 -104.147
506 -104.442
507 -104.753
508 -105.08
509 -105.418
510 -105.765
511 -106.117
512 -106.468
513 -106.812
514 -107.139
515 -107.442
516 -107.71
517 -107.934
518 -108.104
519 -108.214
520 -108.259
521 -108.238
522 -108.155
523 -108.014
524 -107.825
525 -107.597
526 -107.339
527 -107.06
528 -106.77
529 -106.473
530 -106.175
531 -105.88
532 -105.59
533 -105.308
534 -105.035
535 -104.772
536 -104.521
537 -104.283
538 -104.059
539 -103.848
540 -103.652
541 -103.47
542 -103.301
543 -103.146
544 -103.004
545 -102.874
546 -102.756
547 -102.649
548 -102.552
549 -102.466
550 -102.39
551 -102.324
552 -102.267
553 -102.22
554 -102.182
555 -102.151
556 -102.128
557 -102.111
558 -102.099
559 -102.09
560 -102.083
561 -102.078
562 -102.073
563 -102.068
564 -102.064
565 -102.059
566 -102.056
567 -102.054
568 -102.054
569 -102.055
570 -102.059
571 -102.065
572 -102.071
573 -102.079
574 -102.087
575 -102.096
576 -102.105
577 -102.116
578 -102.127
579 -102.139
580 -102.152
581 -102.164
582 -102.176
583 -102.185
584 -102.191
585 -102.193
586 -102.189
587 -102.181
588 -102.167
589 -102.149
590 -102.126
591 -102.097
592 -102.061
593 -102.018
594 -101.965
595 -101.903
596 -101.83
597 -101.748
598 -101.658
599 -101.564
600 -101.467
601 -101.373
602 -101.283
603 -101.199
604 -101.124
605 -101.058
606 -101.001
607 -100.953
608 -100.914
609 -100.884
610 -100.864
611 -100.856
612 -100.86
613 -100.877
614 -100.909
615 -100.955
616 -101.017
617 -101.092
618 -101.182
619 -101.286
620 -101.404
621 -101.537
622 -101.686
623 -101.853
624 -102.039
625 -102.245
626 -102.473
627 -102.722
628 -102.993
629 -103.286
630 -103.599
631 -103.931
632 -104.28
633 -104.648
634 -105.033
635 -105.436
636 -105.86
637 -106.306
638 -106.776
639 -107.274
640 -107.802
641 -108.362
642 -108.955
643 -109.582
644 -110.244
645 -110.943
646 -111.681
647 -112.459
648 -113.283
649 -114.157
650 -115.089
651 -116.087
652 -117.162
653 -118.324
654 -119.586
655 -120.961
656 -122.463
657 -124.109
658 -125.901
659 -127.8
660 -129.625
661 -130.922
662 -131.118
663 -130.232
664 -128.854
665 -127.43
666 -126.131
667 -124.993
668 -124.005
669 -123.147
670 -122.396
671 -121.733
672 -121.142
673 -120.607
674 -120.114
675 -119.653
676 -119.216
677 -118.797
678 -118.394
679 -118.007
680 -117.639
681 -117.291
682 -116.965
683 -116.663
684 -116.383
685 -116.123
686 -115.879
687 -115.65
688 -115.434
689 -115.232
690 -115.044
691 -114.872
692 -114.716
693 -114.574
694 -114.445
695 -114.327
696 -114.219
697 -114.121
698 -114.032
699 -113.953
700 -113.881
701 -113.813
702 -113.748
703 -113.681
704 -113.613
705 -113.544
706 -113.473
707 -113.399
708 -113.318
709 -113.228
710 -113.126
711 -113.014
712 -112.894
713 -112.768
714 -112.636
715 -112.494
716 -112.34
717 -112.171
718 -111.989
719 -111.797
720 -111.6
721 -111.398
722 -111.192
723 -110.983
724 -110.772
725 -110.559
726 -110.344
727 -110.127
728 -109.905
729 -109.68
730 -109.454
731 -109.226
732 -108.999
733 -108.772
734 -108.542
735 -108.31
736 -108.079
737 -107.853
738 -107.637
739 -107.43
740 -107.23
741 -107.032
742 -106.834
743 -106.634
744 -106.437
745 -106.245
746 -106.06
747 -105.881
748 -105.705
749 -105.533
750 -105.365
751 -105.206
752 -105.057
753 -104.917
754 -104.784
755 -104.654
756 -104.526
757 -104.406
758 -104.298
759 -104.206
760 -104.132
761 -104.071
762 -104.018
763 -103.967
764 -103.919
765 -103.875
766 -103.837
767 -103.807
768 -103.781
769 -103.757
770 -103.735
771 -103.718
772 -103.708
773 -103.71
774 -103.725
775 -103.749
776 -103.777
777 -103.805
778 -103.83
779 -103.854
780 -103.876
781 -103.899
782 -103.919
783 -103.936
784 -103.951
785 -103.966
786 -103.983
787 -104
788 -104.015
789 -104.019
790 -104.01
791 -103.99
792 -103.968
793 -103.957
794 -103.968
795 -104.003
796 -104.058
797 -104.122
798 -104.182
799 -104.232
800 -104.268
801 -104.292
802 -104.309
803 -104.323
804 -104.334
805 -104.346
806 -104.359
807 -104.375
808 -104.391
809 -104.402
810 -104.403
811 -104.392
812 -104.374
813 -104.36
814 -104.361
815 -104.387
816 -104.439
817 -104.511
818 -104.594
819 -104.679
820 -104.764
821 -104.849
822 -104.934
823 -105.021
824 -105.105
825 -105.188
826 -105.273
827 -105.366
828 -105.473
829 -105.596
830 -105.728
831 -105.86
832 -105.985
833 -106.106
834 -106.235
835 -106.382
836 -106.553
837 -106.741
838 -106.934
839 -107.124
840 -107.314
841 -107.514
842 -107.737
843 -107.983
844 -108.236
845 -108.478
846 -108.697
847 -108.906
848 -109.13
849 -109.392
850 -109.69
851 -109.999
852 -110.28
853 -110.516
854 -110.73
855 -110.965
856 -111.255
857 -111.59
858 -111.913
859 -112.154
860 -112.295
861 -112.388
862 -112.518
863 -112.731
864 -112.997
865 -113.215
866 -113.292
867 -113.231
868 -113.138
869 -113.121
870 -113.2
871 -113.288
872 -113.248
873 -113.027
874 -112.722
875 -112.497
876 -112.445
877 -112.517
878 -112.532
879 -112.313
880 -111.879
881 -111.457
882 -111.273
883 -111.405
884 -111.696
885 -111.723
886 -111.139
887 -110.189
888 -109.468
889 -109.543
890 -111.314
