0 0
1 -14.9495
2 -28.6548
3 -40.6058
4 -50.4413
5 -58.2174
6 -64.3329
7 -69.2476
8 -73.3125
9 -76.7589
10 -79.7489
11 -82.4157
12 -84.8822
13 -87.264
14 -89.6694
15 -92.1987
16 -94.9377
17 -97.9131
18 -100.903
19 -103.024
20 -103.294
21 -102.398
22 -101.423
23 -100.755
24 -100.446
25 -100.471
26 -100.802
27 -101.417
28 -102.295
29 -103.406
30 -104.674
31 -105.92
32 -106.815
33 -107.011
34 -106.49
35 -105.578
36 -104.599
37 -103.722
38 -103.003
39 -102.448
40 -102.044
41 -101.769
42 -101.598
43 -101.503
44 -101.456
45 -101.426
46 -101.386
47 -101.312
48 -101.187
49 -101.004
50 -100.766
51 -100.484
52 -100.171
53 -99.8443
54 -99.5161
55 -99.197
56 -98.8938
57 -98.61
58 -98.3466
59 -98.1026
60 -97.8754
61 -97.6616
62 -97.4573
63 -97.2586
64 -97.0618
65 -96.864
66 -96.6627
67 -96.4565
68 -96.2445
69 -96.0267
70 -95.8036
71 -95.5758
72 -95.3447
73 -95.1112
74 -94.8764
75 -94.6412
76 -94.4064
77 -94.1724
78 -93.9395
79 -93.7078
80 -93.4772
81 -93.2475
82 -93.0184
83 -92.7895
84 -92.5605
85 -92.3312
86 -92.1013
87 -91.8707
88 -91.6394
89 -91.4074
90 -91.175
91 -90.9425
92 -90.7103
93 -90.4788
94 -90.2488
95 -90.0207
96 -89.7952
97 -89.5731
98 -89.3549
99 -89.1413
100 -88.933
101 -88.7304
102 -88.5341
103 -88.3445
104 -88.162
105 -87.987
106 -87.8195
107 -87.6598
108 -87.508
109 -87.364
110 -87.2278
111 -87.0993
112 -86.9782
113 -86.8643
114 -86.7573
115 -86.6569
116 -86.5626
117 -86.474
118 -86.3905
119 -86.3118
120 -86.2371
121 -86.1661
122 -86.098
123 -86.0322
124 -85.9683
125 -85.9056
126 -85.8434
127 -85.7814
128 -85.7188
129 -85.6554
130 -85.5905
131 -85.5239
132 -85.4552
133 -85.3842
134 -85.3107
135 -85.2347
136 -85.1561
137 -85.0751
138 -84.9918
139 -84.9066
140 -84.8198
141 -84.7317
142 -84.6429
143 -84.5539
144 -84.4654
145 -84.3779
146 -84.292
147 -84.2085
148 -84.1279
149 -84.051
150 -83.9784
151 -83.9107
152 -83.8486
153 -83.7925
154 -83.743
155 -83.7006
156 -83.6655
157 -83.6383
158 -83.619
159 -83.6079
160 -83.605
161 -83.6102
162 -83.6233
163 -83.6441
164 -83.6721
165 -83.7066
166 -83.747
167 -83.7923
168 -83.8414
169 -83.8933
170 -83.9464
171 -83.9995
172 -84.051
173 -84.0994
174 -84.1431
175 -84.1806
176 -84.2107
177 -84.2319
178 -84.2435
179 -84.2448
180 -84.2352
181 -84.2149
182 -84.1841
183 -84.1435
184 -84.094
185 -84.0369
186 -83.9735
187 -83.9056
188 -83.8348
189 -83.7629
190 -83.6917
191 -83.6227
192 -83.5578
193 -83.4982
194 -83.4455
195 -83.4007
196 -83.3648
197 -83.3387
198 -83.323
199 -83.3181
200 -83.3244
201 -83.3419
202 -83.3705
203 -83.4101
204 -83.4602
205 -83.5204
206 -83.5898
207 -83.6678
208 -83.7532
209 -83.8449
210 -83.9415
211 -84.0417
212 -84.1438
213 -84.246
214 -84.3465
215 -84.4433
216 -84.5347
217 -84.6185
218 -84.6933
219 -84.7573
220 -84.8093
221 -84.8484
222 -84.874
223 -84.8861
224 -84.8849
225 -84.871
226 -84.8455
227 -84.8095
228 -84.7645
229 -84.7121
230 -84.6538
231 -84.5912
232 -84.5258
233 -84.4591
234 -84.3925
235 -84.3273
236 -84.2645
237 -84.2053
238 -84.1506
239 -84.1014
240 -84.0586
241 -84.0228
242 -83.9947
243 -83.9752
244 -83.9646
245 -83.9637
246 -83.9727
247 -83.9923
248 -84.0227
249 -84.0644
250 -84.1174
251 -84.1822
252 -84.2587
253 -84.3471
254 -84.4474
255 -84.5594
256 -84.6829
257 -84.8175
258 -84.9624
259 -85.117
260 -85.28
261 -85.4501
262 -85.6256
263 -85.8042
264 -85.9837
265 -86.1613
266 -86.3336
267 -86.4976
268 -86.6496
269 -86.7861
270 -86.904
271 -87.0004
272 -87.0729
273 -87.1203
274 -87.1419
275 -87.1381
276 -87.1103
277 -87.0608
278 -86.9922
279 -86.908
280 -86.8115
281 -86.7065
282 -86.5963
283 -86.4841
284 -86.3729
285 -86.2651
286 -86.1629
287 -86.0681
288 -85.982
289 -85.9058
290 -85.8403
291 -85.786
292 -85.7435
293 -85.7128
294 -85.6941
295 -85.6875
296 -85.6927
297 -85.7096
298 -85.738
299 -85.7777
300 -85.8283
301 -85.8895
302 -85.961
303 -86.0425
304 -86.1338
305 -86.2346
306 -86.3448
307 -86.4641
308 -86.5927
309 -86.7304
310 -86.8775
311 -87.034
312 -87.2001
313 -87.376
314 -87.5618
315 -87.7576
316 -87.9635
317 -88.1793
318 -88.4048
319 -88.6394
320 -88.8824
321 -89.1328
322 -89.3894
323 -89.6504
324 -89.9136
325 -90.1765
326 -90.4359
327 -90.6882
328 -90.9291
329 -91.154
330 -91.3578
331 -91.5355
332 -91.6821
333 -91.7935
334 -91.8664
335 -91.8987
336 -91.8903
337 -91.8423
338 -91.7573
339 -91.6395
340 -91.4935
341 -91.3245
342 -91.1379
343 -90.9386
344 -90.7315
345 -90.5207
346 -90.3098
347 -90.102
348 -89.8998
349 -89.7054
350 -89.5206
351 -89.3469
352 -89.1853
353 -89.037
354 -88.9025
355 -88.7825
356 -88.6774
357 -88.5875
358 -88.513
359 -88.4539
360 -88.4102
361 -88.3818
362 -88.3687
363 -88.3704
364 -88.3869
365 -88.4177
366 -88.4624
367 -88.5205
368 -88.5917
369 -88.6753
370 -88.7707
371 -88.8773
372 -88.9944
373 -89.1213
374 -89.2573
375 -89.4017
376 -89.5538
377 -89.7129
378 -89.8785
379 -90.05
380 -90.2271
381 -90.4095
382 -90.597
383 -90.7898
384 -90.9879
385 -91.1918
386 -91.4019
387 -91.619
388 -91.8437
389 -92.077
390 -92.3201
391 -92.5738
392 -92.8395
393 -93.1183
394 -93.4112
395 -93.7193
396 -94.0434
397 -94.3841
398 -94.7414
399 -95.115
400 -95.5039
401 -95.906
402 -96.318
403 -96.735
404 -97.1501
405 -97.5541
406 -97.9352
407 -98.279
408 -98.5695
409 -98.7905
410 -98.9278
411 -98.9717
412 -98.9188
413 -98.7735
414 -98.546
415 -98.2512
416 -97.9055
417 -97.5248
418 -97.1233
419 -96.7126
420 -96.3019
421 -95.8977
422 -95.5051
423 -95.1274
424 -94.7668
425 -94.4245
426 -94.1012
427 -93.7973
428 -93.5126
429 -93.2468
430 -92.9995
431 -92.7703
432 -92.5584
433 -92.3635
434 -92.1847
435 -92.0216
436 -91.8735
437 -91.7398
438 -91.6199
439 -91.5132
440 -91.4191
441 -91.3372
442 -91.2669
443 -91.2078
444 -91.1596
445 -91.1217
446 -91.0939
447 -91.0757
448 -91.067
449 -91.0674
450 -91.0765
451 -91.0942
452 -91.1202
453 -91.1541
454 -91.1958
455 -91.245
456 -91.3013
457 -91.3646
458 -91.4344
459 -91.5104
460 -91.5923
461 -91.6796
462 -91.7719
463 -91.8687
464 -91.9696
465 -92.0742
466 -92.1819
467 -92.2923
468 -92.4049
469 -92.5194
470 -92.6353
471 -92.7524
472 -92.8705
473 -92.9894
474 -93.1091
475 -93.2298
476 -93.3517
477 -93.4752
478 -93.6009
479 -93.7294
480 -93.8615
481 -93.9979
482 -94.1396
483 -94.2877
484 -94.4432
485 -94.6073
486 -94.7814
487 -94.9666
488 -95.1645
489 -95.3763
490 -95.6035
491 -95.8476
492 -96.1099
493 -96.392
494 -96.6956
495 -97.0221
496 -97.3736
497 -97.7517
498 -98.1586
499 -98.5963
500 -99.0667
501 -99.572
502 -100.114
503 -100.695
504 -101.315
505 -101.976
506 -102.676
507 -103.412
508 -104.174
509 -104.947
510 -105.703
511 -106.4
512 -106.98
513 -107.38
514 -107.546
515 -107.463
516 -107.155
517 -106.679
518 -106.097
519 -105.464
520 -104.818
521 -104.182
522 -103.569
523 -102.988
524 -102.441
525 -101.929
526 -101.451
527 -101.005
528 -100.589
529 -100.201
530 -99.8388
531 -99.5
532 -99.1826
533 -98.885
534 -98.6057
535 -98.3436
536 -98.0978
537 -97.8675
538 -97.6519
539 -97.4501
540 -97.2614
541 -97.085
542 -96.9204
543 -96.7669
544 -96.6242
545 -96.4922
546 -96.3704
547 -96.2588
548 -96.1568
549 -96.0642
550 -95.9802
551 -95.9043
552 -95.8357
553 -95.774
554 -95.7187
555 -95.6696
556 -95.6264
557 -95.589
558 -95.5571
559 -95.5303
560 -95.5081
561 -95.4898
562 -95.4748
563 -95.4627
564 -95.4531
565 -95.4461
566 -95.4418
567 -95.4405
568 -95.4423
569 -95.4472
570 -95.4545
571 -95.4634
572 -95.4726
573 -95.4805
574 -95.4859
575 -95.4877
576 -95.4856
577 -95.4795
578 -95.47
579 -95.4576
580 -95.4431
581 -95.4269
582 -95.4092
583 -95.3897
584 -95.3682
585 -95.3444
586 -95.3181
587 -95.2896
588 -95.2596
589 -95.2287
590 -95.1978
591 -95.1674
592 -95.1377
593 -95.1085
594 -95.0794
595 -95.0498
596 -95.0193
597 -94.9879
598 -94.9565
599 -94.9261
600 -94.8985
601 -94.8757
602 -94.8596
603 -94.8516
604 -94.8526
605 -94.863
606 -94.8823
607 -94.9098
608 -94.9445
609 -94.9857
610 -95.0329
611 -95.0862
612 -95.1461
613 -95.2134
614 -95.289
615 -95.3737
616 -95.4682
617 -95.5727
618 -95.687
619 -95.8108
620 -95.9438
621 -96.0859
622 -96.2369
623 -96.3971
624 -96.5668
625 -96.7463
626 -96.9359
627 -97.1355
628 -97.3446
629 -97.5623
630 -97.7875
631 -98.0187
632 -98.2544
633 -98.4935
634 -98.7355
635 -98.9805
636 -99.2292
637 -99.4827
638 -99.7424
639 -100.009
640 -100.284
641 -100.566
642 -100.855
643 -101.149
644 -101.447
645 -101.746
646 -102.047
647 -102.347
648 -102.647
649 -102.949
650 -103.255
651 -103.566
652 -103.884
653 -104.211
654 -104.548
655 -104.893
656 -105.248
657 -105.612
658 -105.983
659 -106.362
660 -106.749
661 -107.143
662 -107.544
663 -107.95
664 -108.361
665 -108.772
666 -109.181
667 -109.582
668 -109.971
669 -110.34
670 -110.686
671 -111.002
672 -111.283
673 -111.527
674 -111.73
675 -111.888
676 -112
677 -112.064
678 -112.082
679 -112.057
680 -111.993
681 -111.899
682 -111.785
683 -111.659
684 -111.531
685 -111.406
686 -111.29
687 -111.184
688 -111.088
689 -111.002
690 -110.928
691 -110.867
692 -110.823
693 -110.795
694 -110.783
695 -110.787
696 -110.804
697 -110.836
698 -110.885
699 -110.953
700 -111.042
701 -111.149
702 -111.268
703 -111.394
704 -111.523
705 -111.659
706 -111.805
707 -111.96
708 -112.118
709 -112.264
710 -112.387
711 -112.482
712 -112.552
713 -112.598
714 -112.615
715 -112.587
716 -112.501
717 -112.349
718 -112.138
719 -111.88
720 -111.582
721 -111.245
722 -110.87
723 -110.463
724 -110.035
725 -109.596
726 -109.15
727 -108.698
728 -108.241
729 -107.784
730 -107.336
731 -106.901
732 -106.483
733 -106.076
734 -105.675
735 -105.278
736 -104.89
737 -104.518
738 -104.166
739 -103.836
740 -103.519
741 -103.209
742 -102.904
743 -102.607
744 -102.325
745 -102.062
746 -101.817
747 -101.581
748 -101.35
749 -101.123
750 -100.907
751 -100.707
752 -100.528
753 -100.365
754 -100.211
755 -100.06
756 -99.9105
757 -99.7684
758 -99.6406
759 -99.5305
760 -99.4353
761 -99.3481
762 -99.2626
763 -99.1775
764 -99.0969
765 -99.0266
766 -98.9699
767 -98.9243
768 -98.8838
769 -98.8429
770 -98.8009
771 -98.7617
772 -98.7311
773 -98.7122
774 -98.7032
775 -98.6989
776 -98.6948
777 -98.6898
778 -98.6865
779 -98.687
780 -98.6898
781 -98.6892
782 -98.6786
783 -98.6563
784 -98.6281
785 -98.6048
786 -98.5957
787 -98.6028
788 -98.6192
789 -98.633
790 -98.6353
791 -98.6263
792 -98.6153
793 -98.6155
794 -98.6365
795 -98.6795
796 -98.7382
797 -98.803
798 -98.8661
799 -98.9244
800 -98.9772
801 -99.0236
802 -99.0603
803 -99.0841
804 -99.0958
805 -99.1019
806 -99.1131
807 -99.1377
808 -99.1764
809 -99.2217
810 -99.2625
811 -99.2917
812 -99.3115
813 -99.3326
814 -99.367
815 -99.4211
816 -99.4926
817 -99.5738
818 -99.6576
819 -99.742
820 -99.8295
821 -99.9214
822 -100.014
823 -100.098
824 -100.167
825 -100.221
826 -100.273
827 -100.337
828 -100.422
829 -100.525
830 -100.635
831 -100.737
832 -100.83
833 -100.922
834 -101.025
835 -101.147
836 -101.283
837 -101.419
838 -101.543
839 -101.658
840 -101.777
841 -101.915
842 -102.075
843 -102.243
844 -102.396
845 -102.519
846 -102.623
847 -102.73
848 -102.866
849 -103.032
850 -103.207
851 -103.361
852 -103.478
853 -103.576
854 -103.685
855 -103.831
856 -104.006
857 -104.171
858 -104.287
859 -104.344
860 -104.376
861 -104.435
862 -104.546
863 -104.687
864 -104.804
865 -104.846
866 -104.817
867 -104.77
868 -104.768
869 -104.828
870 -104.912
871 -104.946
872 -104.888
873 -104.765
874 -104.656
875 -104.623
876 -104.666
877 -104.714
878 -104.676
879 -104.521
880 -104.315
881 -104.168
882 -104.149
883 -104.233
884 -104.303
885 -104.216
886 -103.937
887 -103.591
888 -103.373
889 -103.461
890 -104.032
