0 0
1 -0.0336067
2 -0.136837
3 -0.310102
4 -0.554137
5 -0.870042
6 -1.25926
7 -1.72349
8 -2.26456
9 -2.88423
10 -3.58385
11 -4.36387
12 -5.22299
13 -6.15642
14 -7.15294
15 -8.19022
16 -9.22858
17 -10.2063
18 -11.044
19 -11.667
20 -12.0415
21 -12.1974
22 -12.2129
23 -12.1783
24 -12.1698
25 -12.2416
26 -12.4302
27 -12.7619
28 -13.2589
29 -13.9445
30 -14.848
31 -16.0107
32 -17.4955
33 -19.4063
34 -21.9322
35 -25.4617
36 -30.8544
37 -36.014
38 -30.3826
39 -25.9977
40 -23.2903
41 -21.5024
42 -20.2937
43 -19.4931
44 -19.0031
45 -18.7629
46 -18.7319
47 -18.8821
48 -19.1928
49 -19.6456
50 -20.2177
51 -20.8733
52 -21.5533
53 -22.1701
54 -22.6176
55 -22.8079
56 -22.7161
57 -22.3907
58 -21.9205
59 -21.3927
60 -20.8735
61 -20.4071
62 -20.0209
63 -19.7287
64 -19.5339
65 -19.43
66 -19.4025
67 -19.4309
68 -19.4919
69 -19.5637
70 -19.6296
71 -19.6795
72 -19.7098
73 -19.7208
74 -19.7139
75 -19.6891
76 -19.6439
77 -19.573
78 -19.4706
79 -19.3332
80 -19.1626
81 -18.9672
82 -18.7611
83 -18.5603
84 -18.378
85 -18.2211
86 -18.0889
87 -17.9738
88 -17.8645
89 -17.7501
90 -17.624
91 -17.486
92 -17.3413
93 -17.1973
94 -17.0606
95 -16.9335
96 -16.8139
97 -16.6964
98 -16.5743
99 -16.4434
100 -16.3034
101 -16.158
102 -16.0136
103 -15.8767
104 -15.7517
105 -15.6398
106 -15.5395
107 -15.4483
108 -15.3643
109 -15.2876
110 -15.2198
111 -15.163
112 -15.118
113 -15.0836
114 -15.0565
115 -15.033
116 -15.0107
117 -14.99
118 -14.9741
119 -14.9672
120 -14.9714
121 -14.9852
122 -15.0027
123 -15.0152
124 -15.0151
125 -14.9996
126 -14.9726
127 -14.9428
128 -14.9202
129 -14.9102
130 -14.9108
131 -14.9126
132 -14.9023
133 -14.8695
134 -14.8118
135 -14.7372
136 -14.6599
137 -14.5935
138 -14.5445
139 -14.5091
140 -14.4753
141 -14.4284
142 -14.3594
143 -14.2698
144 -14.1711
145 -14.0791
146 -14.0063
147 -13.9559
148 -13.9215
149 -13.8905
150 -13.8508
151 -13.7977
152 -13.7363
153 -13.6786
154 -13.6373
155 -13.6196
156 -13.624
157 -13.6423
158 -13.6638
159 -13.6814
160 -13.6958
161 -13.7138
162 -13.7447
163 -13.7943
164 -13.8617
165 -13.9397
166 -14.0192
167 -14.0942
168 -14.1656
169 -14.2397
170 -14.3234
171 -14.4181
172 -14.5171
173 -14.6077
174 -14.6778
175 -14.7233
176 -14.7511
177 -14.7746
178 -14.8046
179 -14.8415
180 -14.8733
181 -14.881
182 -14.8498
183 -14.78
184 -14.6874
185 -14.5958
186 -14.5231
187 -14.4731
188 -14.4338
189 -14.3852
190 -14.3115
191 -14.2119
192 -14.1024
193 -14.0066
194 -13.9436
195 -13.9184
196 -13.921
197 -13.9318
198 -13.9333
199 -13.9205
200 -13.9041
201 -13.9034
202 -13.9356
203 -14.0055
204 -14.1033
205 -14.2097
206 -14.3069
207 -14.3891
208 -14.4663
209 -14.5568
210 -14.6751
211 -14.8218
212 -14.9812
213 -15.1295
214 -15.2484
215 -15.3377
216 -15.4152
217 -15.504
218 -15.6164
219 -15.7436
220 -15.8578
221 -15.9283
222 -15.9418
223 -15.9129
224 -15.8754
225 -15.8604
226 -15.8775
227 -15.909
228 -15.9195
229 -15.8788
230 -15.7823
231 -15.6565
232 -15.5411
233 -15.466
234 -15.4353
235 -15.4268
236 -15.4051
237 -15.3436
238 -15.2426
239 -15.1287
240 -15.0382
241 -14.9948
242 -14.9982
243 -15.0248
244 -15.0414
245 -15.0264
246 -14.9844
247 -14.9434
248 -14.9374
249 -14.9866
250 -15.0859
251 -15.2071
252 -15.3138
253 -15.3845
254 -15.4278
255 -15.4784
256 -15.5758
257 -15.7421
258 -15.9684
259 -16.2165
260 -16.4369
261 -16.599
262 -16.7132
263 -16.8254
264 -16.9872
265 -17.2244
266 -17.5197
267 -17.8151
268 -18.0395
269 -18.155
270 -18.1855
271 -18.199
272 -18.2583
273 -18.3819
274 -18.5314
275 -18.6295
276 -18.6091
277 -18.4647
278 -18.2588
279 -18.075
280 -17.9673
281 -17.9355
282 -17.9293
283 -17.8767
284 -17.7309
285 -17.5047
286 -17.2613
287 -17.0721
288 -16.9789
289 -16.9769
290 -17.0189
291 -17.0367
292 -16.9792
293 -16.8461
294 -16.6877
295 -16.5713
296 -16.5448
297 -16.6163
298 -16.7514
299 -16.8865
300 -16.9594
301 -16.9475
302 -16.8824
303 -16.8289
304 -16.8469
305 -16.9636
306 -17.1636
307 -17.3936
308 -17.5848
309 -17.6906
310 -17.7171
311 -17.7196
312 -17.7685
313 -17.9135
314 -18.1641
315 -18.4861
316 -18.8117
317 -19.0691
318 -19.225
319 -19.3079
320 -19.3902
321 -19.5464
322 -19.82
323 -20.208
324 -20.6586
325 -21.0839
326 -21.3982
327 -21.5705
328 -21.6468
329 -21.7169
330 -21.8609
331 -22.1141
332 -22.4539
333 -22.8021
334 -23.0499
335 -23.1131
336 -22.9888
337 -22.7539
338 -22.5081
339 -22.3212
340 -22.2139
341 -22.1613
342 -22.1072
343 -21.9895
344 -21.7703
345 -21.4564
346 -21.0921
347 -20.7347
348 -20.4298
349 -20.2002
350 -20.0447
351 -19.9415
352 -19.8563
353 -19.7536
354 -19.6101
355 -19.4235
356 -19.2128
357 -19.0088
358 -18.8424
359 -18.7348
360 -18.6935
361 -18.7111
362 -18.7676
363 -18.8354
364 -18.8872
365 -18.9053
366 -18.8875
367 -18.8475
368 -18.8088
369 -18.7965
370 -18.8297
371 -18.9177
372 -19.0586
373 -19.2402
374 -19.4426
375 -19.6424
376 -19.819
377 -19.9596
378 -20.0635
379 -20.1406
380 -20.2078
381 -20.2839
382 -20.3848
383 -20.5212
384 -20.698
385 -20.9142
386 -21.164
387 -21.4382
388 -21.7253
389 -22.0132
390 -22.2911
391 -22.5511
392 -22.7894
393 -23.0072
394 -23.2103
395 -23.4082
396 -23.6132
397 -23.8384
398 -24.0969
399 -24.4009
400 -24.7606
401 -25.184
402 -25.6759
403 -26.2369
404 -26.8613
405 -27.535
406 -28.2313
407 -28.9081
408 -29.5084
409 -29.9681
410 -30.2358
411 -30.2943
412 -30.1678
413 -29.9092
414 -29.5769
415 -29.2187
416 -28.8656
417 -28.5336
418 -28.227
419 -27.9424
420 -27.6722
421 -27.4069
422 -27.1376
423 -26.8574
424 -26.5623
425 -26.2519
426 -25.9285
427 -25.5966
428 -25.262
429 -24.9304
430 -24.607
431 -24.2963
432 -24.0014
433 -23.7243
434 -23.4663
435 -23.2275
436 -23.0075
437 -22.8056
438 -22.6207
439 -22.4514
440 -22.2966
441 -22.155
442 -22.0255
443 -21.9069
444 -21.7983
445 -21.6989
446 -21.6078
447 -21.5246
448 -21.4488
449 -21.3802
450 -21.3188
451 -21.2649
452 -21.2187
453 -21.1809
454 -21.1524
455 -21.134
456 -21.1268
457 -21.1322
458 -21.1513
459 -21.1856
460 -21.2364
461 -21.3049
462 -21.3923
463 -21.4997
464 -21.6279
465 -21.7775
466 -21.949
467 -22.1426
468 -22.3583
469 -22.5958
470 -22.8547
471 -23.1341
472 -23.433
473 -23.7499
474 -24.0831
475 -24.4303
476 -24.7894
477 -25.1577
478 -25.5323
479 -25.9102
480 -26.2883
481 -26.6631
482 -27.0314
483 -27.3897
484 -27.7353
485 -28.0656
486 -28.379
487 -28.6744
488 -28.9517
489 -29.2113
490 -29.4542
491 -29.6817
492 -29.8956
493 -30.0979
494 -30.2913
495 -30.4781
496 -30.6611
497 -30.8426
498 -31.0248
499 -31.2091
500 -31.3967
501 -31.5884
502 -31.7851
503 -31.9872
504 -32.1953
505 -32.4095
506 -32.6296
507 -32.8542
508 -33.0812
509 -33.3074
510 -33.529
511 -33.7415
512 -33.9402
513 -34.1204
514 -34.2769
515 -34.4046
516 -34.4981
517 -34.5529
518 -34.5654
519 -34.5343
520 -34.4606
521 -34.3477
522 -34.2008
523 -34.0261
524 -33.8297
525 -33.6174
526 -33.3943
527 -33.165
528 -32.9331
529 -32.7022
530 -32.4747
531 -32.253
532 -32.0384
533 -31.8319
534 -31.6339
535 -31.4445
536 -31.2635
537 -31.091
538 -30.9267
539 -30.7708
540 -30.623
541 -30.4835
542 -30.352
543 -30.2283
544 -30.1122
545 -30.0036
546 -29.9022
547 -29.8079
548 -29.7206
549 -29.6402
550 -29.5664
551 -29.4991
552 -29.4378
553 -29.3823
554 -29.3322
555 -29.2873
556 -29.2471
557 -29.2112
558 -29.1791
559 -29.1503
560 -29.124
561 -29.0997
562 -29.0769
563 -29.0551
564 -29.0341
565 -29.0142
566 -28.9953
567 -28.978
568 -28.9622
569 -28.9484
570 -28.9364
571 -28.9262
572 -28.9176
573 -28.9102
574 -28.904
575 -28.8988
576 -28.8945
577 -28.8911
578 -28.8888
579 -28.8876
580 -28.8876
581 -28.8889
582 -28.8913
583 -28.8944
584 -28.8975
585 -28.8999
586 -28.9007
587 -28.8991
588 -28.8946
589 -28.8867
590 -28.8751
591 -28.8597
592 -28.8402
593 -28.8163
594 -28.7875
595 -28.7534
596 -28.7134
597 -28.6676
598 -28.6164
599 -28.5607
600 -28.5024
601 -28.4435
602 -28.3862
603 -28.3327
604 -28.2848
605 -28.2436
606 -28.2096
607 -28.1831
608 -28.1637
609 -28.1512
610 -28.1456
611 -28.1471
612 -28.1565
613 -28.1748
614 -28.2031
615 -28.2427
616 -28.2943
617 -28.3586
618 -28.4359
619 -28.5263
620 -28.6299
621 -28.7467
622 -28.877
623 -29.021
624 -29.1794
625 -29.3527
626 -29.5419
627 -29.7474
628 -29.9697
629 -30.2088
630 -30.4646
631 -30.7362
632 -31.0229
633 -31.3238
634 -31.6383
635 -31.9661
636 -32.3075
637 -32.6631
638 -33.034
639 -33.4213
640 -33.8265
641 -34.2507
642 -34.6945
643 -35.1583
644 -35.6417
645 -36.1434
646 -36.6619
647 -37.1953
648 -37.7417
649 -38.2995
650 -38.8678
651 -39.4464
652 -40.0351
653 -40.6342
654 -41.2436
655 -41.8624
656 -42.4894
657 -43.1221
658 -43.7573
659 -44.3906
660 -45.0175
661 -45.6326
662 -46.2305
663 -46.8053
664 -47.3506
665 -47.8594
666 -48.3235
667 -48.7338
668 -49.081
669 -49.3558
670 -49.5502
671 -49.6583
672 -49.6774
673 -49.6085
674 -49.4564
675 -49.2293
676 -48.9386
677 -48.5971
678 -48.2185
679 -47.8157
680 -47.3992
681 -46.9769
682 -46.5529
683 -46.1291
684 -45.7055
685 -45.2819
686 -44.8593
687 -44.4401
688 -44.0279
689 -43.6262
690 -43.2372
691 -42.8613
692 -42.4969
693 -42.142
694 -41.795
695 -41.456
696 -41.1264
697 -40.8077
698 -40.5009
699 -40.2049
700 -39.9173
701 -39.6355
702 -39.3585
703 -39.0872
704 -38.8238
705 -38.5701
706 -38.3261
707 -38.0899
708 -37.8591
709 -37.6327
710 -37.4119
711 -37.199
712 -36.9961
713 -36.8028
714 -36.6169
715 -36.436
716 -36.2588
717 -36.0861
718 -35.92
719 -35.7615
720 -35.6104
721 -35.465
722 -35.3241
723 -35.1877
724 -35.0568
725 -34.9319
726 -34.8121
727 -34.6952
728 -34.5796
729 -34.4651
730 -34.3533
731 -34.246
732 -34.1431
733 -34.0425
734 -33.9411
735 -33.8374
736 -33.7326
737 -33.6304
738 -33.5339
739 -33.4434
740 -33.3555
741 -33.2658
742 -33.1721
743 -33.0763
744 -32.9834
745 -32.8975
746 -32.8189
747 -32.7441
748 -32.6684
749 -32.5899
750 -32.511
751 -32.4365
752 -32.3696
753 -32.3103
754 -32.2551
755 -32.2004
756 -32.1456
757 -32.0936
758 -32.049
759 -32.015
760 -31.9908
761 -31.9729
762 -31.9572
763 -31.943
764 -31.9326
765 -31.9305
766 -31.9393
767 -31.9577
768 -31.9816
769 -32.007
770 -32.0326
771 -32.0613
772 -32.0976
773 -32.1443
774 -32.2005
775 -32.2626
776 -32.3266
777 -32.3912
778 -32.4575
779 -32.5265
780 -32.5968
781 -32.6632
782 -32.7198
783 -32.7645
784 -32.8018
785 -32.8404
786 -32.8881
787 -32.9454
788 -33.0048
789 -33.0546
790 -33.0869
791 -33.1035
792 -33.1157
793 -33.1379
794 -33.1795
795 -33.2407
796 -33.3136
797 -33.3881
798 -33.4578
799 -33.5219
800 -33.5819
801 -33.6368
802 -33.6817
803 -33.7113
804 -33.7252
805 -33.7312
806 -33.7417
807 -33.7662
808 -33.8049
809 -33.8486
810 -33.8844
811 -33.9059
812 -33.9178
813 -33.9334
814 -33.9659
815 -34.0207
816 -34.0935
817 -34.1751
818 -34.2589
819 -34.3451
820 -34.4384
821 -34.5412
822 -34.6483
823 -34.7479
824 -34.8299
825 -34.8949
826 -34.9559
827 -35.0309
828 -35.1316
829 -35.2557
830 -35.3893
831 -35.5174
832 -35.6348
833 -35.7503
834 -35.8788
835 -36.029
836 -36.1958
837 -36.3635
838 -36.5188
839 -36.6625
840 -36.81
841 -36.9787
842 -37.1725
843 -37.375
844 -37.5592
845 -37.7074
846 -37.8274
847 -37.9477
848 -38.0961
849 -38.2775
850 -38.4693
851 -38.6373
852 -38.7629
853 -38.8609
854 -38.9669
855 -39.1075
856 -39.2762
857 -39.4345
858 -39.5399
859 -39.5831
860 -39.5996
861 -39.6412
862 -39.7345
863 -39.8584
864 -39.9567
865 -39.9817
866 -39.9382
867 -39.8819
868 -39.8736
869 -39.9314
870 -40.0155
871 -40.0552
872 -40.0073
873 -39.8982
874 -39.803
875 -39.7836
876 -39.841
877 -39.911
878 -39.9087
879 -39.8041
880 -39.6573
881 -39.5702
882 -39.6065
883 -39.7404
884 -39.855
885 -39.8138
886 -39.5891
887 -39.3103
888 -39.1755
889 -39.3639
890 -40.0655
