0 -9.28282
1 -10.0303
2 -10.7156
3 -11.3131
4 -11.8049
5 -12.1937
6 -12.4996
7 -12.7453
8 -12.9484
9 -13.1204
10 -13.2698
11 -13.4034
12 -13.5273
13 -13.6469
14 -13.7673
15 -13.8931
16 -14.0288
17 -14.1765
18 -14.3263
19 -14.4344
20 -14.4492
21 -14.4042
22 -14.3553
23 -14.3218
24 -14.3057
25 -14.3055
26 -14.3201
27 -14.3488
28 -14.3918
29 -14.4481
30 -14.5146
31 -14.5821
32 -14.6333
33 -14.6491
34 -14.6271
35 -14.5822
36 -14.53
37 -14.4793
38 -14.4343
39 -14.3975
40 -14.3704
41 -14.3534
42 -14.3462
43 -14.3472
44 -14.3539
45 -14.3627
46 -14.3694
47 -14.37
48 -14.3622
49 -14.346
50 -14.3238
51 -14.2992
52 -14.2758
53 -14.256
54 -14.2412
55 -14.2315
56 -14.2257
57 -14.2211
58 -14.215
59 -14.2049
60 -14.19
61 -14.1718
62 -14.1527
63 -14.1354
64 -14.1219
65 -14.1128
66 -14.1077
67 -14.1047
68 -14.1016
69 -14.0956
70 -14.0852
71 -14.0702
72 -14.0525
73 -14.0343
74 -14.0181
75 -14.005
76 -13.9954
77 -13.9883
78 -13.982
79 -13.9745
80 -13.9644
81 -13.9514
82 -13.9364
83 -13.9209
84 -13.9065
85 -13.8941
86 -13.8836
87 -13.8745
88 -13.8656
89 -13.8558
90 -13.8446
91 -13.8322
92 -13.8192
93 -13.8063
94 -13.7942
95 -13.7829
96 -13.7722
97 -13.7616
98 -13.7507
99 -13.7396
100 -13.7286
101 -13.7181
102 -13.7087
103 -13.7002
104 -13.6924
105 -13.6846
106 -13.6762
107 -13.6671
108 -13.6576
109 -13.6485
110 -13.6406
111 -13.6346
112 -13.6304
113 -13.6273
114 -13.6243
115 -13.6201
116 -13.6143
117 -13.6073
118 -13.6001
119 -13.594
120 -13.5901
121 -13.5883
122 -13.588
123 -13.5877
124 -13.5861
125 -13.5823
126 -13.5765
127 -13.5701
128 -13.5646
129 -13.561
130 -13.5595
131 -13.5591
132 -13.5586
133 -13.5564
134 -13.5519
135 -13.5456
136 -13.5389
137 -13.5331
138 -13.5289
139 -13.5264
140 -13.5245
141 -13.5219
142 -13.5179
143 -13.5123
144 -13.506
145 -13.5001
146 -13.4953
147 -13.4918
148 -13.4892
149 -13.4866
150 -13.4832
151 -13.4791
152 -13.4748
153 -13.4711
154 -13.4687
155 -13.4676
156 -13.4673
157 -13.4667
158 -13.4654
159 -13.4633
160 -13.4614
161 -13.4605
162 -13.4616
163 -13.4645
164 -13.4683
165 -13.4717
166 -13.4736
167 -13.4738
168 -13.4733
169 -13.4735
170 -13.4758
171 -13.4805
172 -13.4864
173 -13.4918
174 -13.4948
175 -13.4949
176 -13.4929
177 -13.4908
178 -13.4902
179 -13.4917
180 -13.4945
181 -13.4967
182 -13.4964
183 -13.4931
184 -13.4877
185 -13.482
186 -13.4778
187 -13.4756
188 -13.4746
189 -13.4734
190 -13.4706
191 -13.4658
192 -13.4601
193 -13.4552
194 -13.4523
195 -13.4516
196 -13.4523
197 -13.4527
198 -13.4518
199 -13.4496
200 -13.4472
201 -13.4463
202 -13.4481
203 -13.4525
204 -13.4582
205 -13.4633
206 -13.4663
207 -13.4672
208 -13.4677
209 -13.4698
210 -13.4751
211 -13.4834
212 -13.493
213 -13.501
214 -13.5056
215 -13.5067
216 -13.5065
217 -13.5076
218 -13.5118
219 -13.5188
220 -13.5265
221 -13.5315
222 -13.532
223 -13.5284
224 -13.5236
225 -13.5204
226 -13.5203
227 -13.5227
228 -13.525
229 -13.5243
230 -13.5195
231 -13.512
232 -13.5046
233 -13.5
234 -13.499
235 -13.5003
236 -13.5013
237 -13.4993
238 -13.4937
239 -13.4863
240 -13.4801
241 -13.4774
242 -13.4789
243 -13.4831
244 -13.4871
245 -13.4881
246 -13.4855
247 -13.481
248 -13.4779
249 -13.4786
250 -13.4841
251 -13.4929
252 -13.5019
253 -13.5081
254 -13.5102
255 -13.5099
256 -13.5107
257 -13.5155
258 -13.5255
259 -13.5394
260 -13.5536
261 -13.5644
262 -13.5698
263 -13.5717
264 -13.5742
265 -13.581
266 -13.5934
267 -13.6095
268 -13.6245
269 -13.6334
270 -13.6343
271 -13.63
272 -13.6261
273 -13.627
274 -13.6335
275 -13.6428
276 -13.6494
277 -13.6483
278 -13.6388
279 -13.625
280 -13.6129
281 -13.6063
282 -13.6058
283 -13.6089
284 -13.6109
285 -13.6077
286 -13.5982
287 -13.5855
288 -13.5741
289 -13.5676
290 -13.567
291 -13.5709
292 -13.5759
293 -13.5783
294 -13.576
295 -13.57
296 -13.5634
297 -13.5597
298 -13.5609
299 -13.5669
300 -13.5758
301 -13.5845
302 -13.5901
303 -13.5916
304 -13.5905
305 -13.5896
306 -13.5916
307 -13.5979
308 -13.6082
309 -13.621
310 -13.6335
311 -13.6434
312 -13.6498
313 -13.6536
314 -13.6572
315 -13.663
316 -13.6724
317 -13.6859
318 -13.7024
319 -13.7198
320 -13.7357
321 -13.7482
322 -13.7572
323 -13.7642
324 -13.7717
325 -13.782
326 -13.7962
327 -13.8138
328 -13.8327
329 -13.8495
330 -13.8611
331 -13.8664
332 -13.867
333 -13.8661
334 -13.8665
335 -13.8693
336 -13.8739
337 -13.8777
338 -13.8778
339 -13.8726
340 -13.8625
341 -13.8496
342 -13.8364
343 -13.8247
344 -13.8148
345 -13.8063
346 -13.7981
347 -13.7895
348 -13.7802
349 -13.7703
350 -13.7605
351 -13.7511
352 -13.7425
353 -13.7345
354 -13.7272
355 -13.7206
356 -13.7148
357 -13.7103
358 -13.7071
359 -13.7053
360 -13.7045
361 -13.7042
362 -13.7039
363 -13.7035
364 -13.703
365 -13.7029
366 -13.7038
367 -13.7062
368 -13.7101
369 -13.7153
370 -13.7215
371 -13.7279
372 -13.7343
373 -13.7405
374 -13.7468
375 -13.7534
376 -13.7606
377 -13.7686
378 -13.7773
379 -13.7861
380 -13.7948
381 -13.8032
382 -13.8114
383 -13.8197
384 -13.8286
385 -13.8386
386 -13.8498
387 -13.8622
388 -13.8753
389 -13.8889
390 -13.9024
391 -13.9157
392 -13.929
393 -13.9425
394 -13.9567
395 -13.9719
396 -13.9881
397 -14.0052
398 -14.0228
399 -14.0406
400 -14.0582
401 -14.0756
402 -14.093
403 -14.1107
404 -14.1289
405 -14.1475
406 -14.1663
407 -14.1846
408 -14.2012
409 -14.215
410 -14.2251
411 -14.2309
412 -14.2322
413 -14.2291
414 -14.2221
415 -14.2115
416 -14.1975
417 -14.1806
418 -14.1611
419 -14.1396
420 -14.1168
421 -14.0934
422 -14.07
423 -14.0471
424 -14.0251
425 -14.0042
426 -13.9846
427 -13.9662
428 -13.9493
429 -13.9336
430 -13.9192
431 -13.9061
432 -13.8943
433 -13.8836
434 -13.8742
435 -13.8659
436 -13.8586
437 -13.8524
438 -13.8471
439 -13.8426
440 -13.8388
441 -13.8356
442 -13.833
443 -13.8308
444 -13.829
445 -13.8276
446 -13.8265
447 -13.8257
448 -13.8253
449 -13.8252
450 -13.8256
451 -13.8264
452 -13.8276
453 -13.8293
454 -13.8314
455 -13.8341
456 -13.8372
457 -13.8407
458 -13.8447
459 -13.8491
460 -13.8539
461 -13.8592
462 -13.8648
463 -13.8709
464 -13.8774
465 -13.8845
466 -13.892
467 -13.9002
468 -13.9091
469 -13.9187
470 -13.9291
471 -13.9405
472 -13.9529
473 -13.9663
474 -13.981
475 -13.9971
476 -14.0145
477 -14.0334
478 -14.0538
479 -14.0759
480 -14.0997
481 -14.1252
482 -14.1523
483 -14.181
484 -14.2111
485 -14.2421
486 -14.2735
487 -14.3045
488 -14.3337
489 -14.3597
490 -14.3807
491 -14.3952
492 -14.4019
493 -14.4007
494 -14.3921
495 -14.3776
496 -14.3588
497 -14.3373
498 -14.3146
499 -14.2915
500 -14.2687
501 -14.2467
502 -14.2257
503 -14.2058
504 -14.187
505 -14.1693
506 -14.1527
507 -14.1373
508 -14.1229
509 -14.1096
510 -14.0973
511 -14.0859
512 -14.0754
513 -14.0658
514 -14.057
515 -14.049
516 -14.0419
517 -14.0356
518 -14.0301
519 -14.0255
520 -14.0216
521 -14.0185
522 -14.0162
523 -14.0146
524 -14.0137
525 -14.0135
526 -14.014
527 -14.0152
528 -14.017
529 -14.0194
530 -14.0223
531 -14.0256
532 -14.0293
533 -14.0333
534 -14.0375
535 -14.0419
536 -14.0464
537 -14.051
538 -14.0556
539 -14.0602
540 -14.0647
541 -14.069
542 -14.073
543 -14.0769
544 -14.0806
545 -14.0842
546 -14.0877
547 -14.0911
548 -14.0944
549 -14.0977
550 -14.1011
551 -14.1045
552 -14.1079
553 -14.1116
554 -14.1155
555 -14.1198
556 -14.1244
557 -14.1294
558 -14.1349
559 -14.1407
560 -14.1468
561 -14.1532
562 -14.1599
563 -14.1668
564 -14.1739
565 -14.1812
566 -14.1886
567 -14.1961
568 -14.2034
569 -14.2105
570 -14.2173
571 -14.2235
572 -14.2292
573 -14.2341
574 -14.2383
575 -14.2417
576 -14.2443
577 -14.2461
578 -14.247
579 -14.247
580 -14.2461
581 -14.2445
582 -14.242
583 -14.239
584 -14.2355
585 -14.2317
586 -14.2276
587 -14.2233
588 -14.2189
589 -14.2144
590 -14.2098
591 -14.2053
592 -14.2008
593 -14.1965
594 -14.1923
595 -14.1884
596 -14.1847
597 -14.1812
598 -14.1779
599 -14.1747
600 -14.1717
601 -14.1689
602 -14.1664
603 -14.1642
604 -14.1623
605 -14.1608
606 -14.1596
607 -14.1589
608 -14.1585
609 -14.1584
610 -14.1585
611 -14.1589
612 -14.1595
613 -14.1605
614 -14.1618
615 -14.1637
616 -14.1661
617 -14.1693
618 -14.1731
619 -14.1777
620 -14.183
621 -14.1891
622 -14.1959
623 -14.2034
624 -14.2117
625 -14.2208
626 -14.2308
627 -14.2416
628 -14.2534
629 -14.266
630 -14.2797
631 -14.2942
632 -14.3097
633 -14.3261
634 -14.3433
635 -14.3614
636 -14.3804
637 -14.4004
638 -14.4215
639 -14.4437
640 -14.4674
641 -14.4924
642 -14.5188
643 -14.5467
644 -14.5758
645 -14.606
646 -14.6371
647 -14.6688
648 -14.7008
649 -14.7326
650 -14.764
651 -14.7944
652 -14.8236
653 -14.851
654 -14.876
655 -14.898
656 -14.9163
657 -14.9304
658 -14.9401
659 -14.9456
660 -14.9474
661 -14.9464
662 -14.9435
663 -14.9397
664 -14.9355
665 -14.9316
666 -14.9284
667 -14.9262
668 -14.9253
669 -14.9258
670 -14.9279
671 -14.9319
672 -14.9379
673 -14.9461
674 -14.9566
675 -14.9696
676 -14.985
677 -15.003
678 -15.0233
679 -15.0459
680 -15.0704
681 -15.0964
682 -15.1231
683 -15.149
684 -15.1721
685 -15.1895
686 -15.1983
687 -15.196
688 -15.182
689 -15.1573
690 -15.1246
691 -15.087
692 -15.0471
693 -15.0068
694 -14.9671
695 -14.9289
696 -14.8927
697 -14.8585
698 -14.8264
699 -14.7964
700 -14.7682
701 -14.7418
702 -14.717
703 -14.694
704 -14.6726
705 -14.6528
706 -14.6344
707 -14.6172
708 -14.6009
709 -14.5856
710 -14.5713
711 -14.558
712 -14.5458
713 -14.5346
714 -14.5242
715 -14.5144
716 -14.505
717 -14.496
718 -14.4876
719 -14.4798
720 -14.4727
721 -14.4661
722 -14.4599
723 -14.4541
724 -14.4487
725 -14.4437
726 -14.4393
727 -14.4351
728 -14.4312
729 -14.4274
730 -14.4239
731 -14.4207
732 -14.418
733 -14.4156
734 -14.4134
735 -14.4111
736 -14.4088
737 -14.4066
738 -14.4047
739 -14.4031
740 -14.4018
741 -14.4004
742 -14.3988
743 -14.3971
744 -14.3954
745 -14.3941
746 -14.3931
747 -14.3919
748 -14.3905
749 -14.3886
750 -14.3868
751 -14.3853
752 -14.3844
753 -14.3842
754 -14.3839
755 -14.3834
756 -14.3824
757 -14.3813
758 -14.3806
759 -14.3806
760 -14.381
761 -14.3814
762 -14.3815
763 -14.3811
764 -14.3808
765 -14.3807
766 -14.3811
767 -14.3816
768 -14.3816
769 -14.3809
770 -14.3795
771 -14.3781
772 -14.3774
773 -14.3777
774 -14.3785
775 -14.3794
776 -14.3797
777 -14.3793
778 -14.3784
779 -14.3774
780 -14.3763
781 -14.3748
782 -14.3726
783 -14.3696
784 -14.3661
785 -14.3626
786 -14.3594
787 -14.3563
788 -14.3525
789 -14.3478
790 -14.342
791 -14.3359
792 -14.3303
793 -14.3259
794 -14.3226
795 -14.32
796 -14.3173
797 -14.3141
798 -14.3106
799 -14.3072
800 -14.3039
801 -14.3007
802 -14.2973
803 -14.2933
804 -14.2889
805 -14.2845
806 -14.2809
807 -14.2783
808 -14.2765
809 -14.2749
810 -14.2731
811 -14.2709
812 -14.2687
813 -14.2671
814 -14.2663
815 -14.2664
816 -14.267
817 -14.2676
818 -14.2683
819 -14.2692
820 -14.2706
821 -14.2724
822 -14.2741
823 -14.2753
824 -14.2757
825 -14.2758
826 -14.2763
827 -14.2779
828 -14.2806
829 -14.284
830 -14.2873
831 -14.2903
832 -14.293
833 -14.2961
834 -14.3001
835 -14.3048
836 -14.3096
837 -14.3139
838 -14.3174
839 -14.3208
840 -14.3248
841 -14.3299
842 -14.3359
843 -14.3415
844 -14.3457
845 -14.3486
846 -14.3509
847 -14.3541
848 -14.3588
849 -14.3645
850 -14.3699
851 -14.3736
852 -14.3758
853 -14.3777
854 -14.3809
855 -14.3859
856 -14.3916
857 -14.3961
858 -14.3981
859 -14.398
860 -14.398
861 -14.3998
862 -14.404
863 -14.4091
864 -14.4126
865 -14.413
866 -14.4112
867 -14.4098
868 -14.4109
869 -14.4147
870 -14.419
871 -14.421
872 -14.4195
873 -14.416
874 -14.414
875 -14.4158
876 -14.4207
877 -14.4255
878 -14.4263
879 -14.4222
880 -14.4164
881 -14.4137
882 -14.4172
883 -14.4254
884 -14.4327
885 -14.4325
886 -14.4233
887 -14.4112
888 -14.4056
889 -14.4154
890 -14.4495
