0 0
1 -14.9495
2 -28.6548
3 -40.6057
4 -50.4413
5 -58.218
6 -64.3346
7 -69.25
8 -73.3127
9 -76.7541
10 -79.7399
11 -82.4088
12 -84.8856
13 -87.2806
14 -89.6914
15 -92.2083
16 -94.9155
17 -97.8565
18 -100.858
19 -103.073
20 -103.39
21 -102.431
22 -101.391
23 -100.696
24 -100.394
25 -100.447
26 -100.813
27 -101.456
28 -102.349
29 -103.459
30 -104.716
31 -105.947
32 -106.828
33 -107.015
34 -106.489
35 -105.574
36 -104.591
37 -103.706
38 -102.976
39 -102.41
40 -101.998
41 -101.725
42 -101.568
43 -101.501
44 -101.49
45 -101.496
46 -101.48
47 -101.408
48 -101.258
49 -101.028
50 -100.731
51 -100.393
52 -100.046
53 -99.7161
54 -99.4195
55 -99.1604
56 -98.9306
57 -98.7125
58 -98.4862
59 -98.2375
60 -97.9642
61 -97.6768
62 -97.3944
63 -97.137
64 -96.9188
65 -96.7433
66 -96.6017
67 -96.4742
68 -96.3346
69 -96.1583
70 -95.9315
71 -95.6573
72 -95.3544
73 -95.0498
74 -94.7685
75 -94.5259
76 -94.3238
77 -94.1499
78 -93.9825
79 -93.7975
80 -93.578
81 -93.3213
82 -93.0397
83 -92.7541
84 -92.4855
85 -92.2469
86 -92.0394
87 -91.8527
88 -91.6691
89 -91.4702
90 -91.2444
91 -90.9918
92 -90.7229
93 -90.4539
94 -90.1996
95 -89.9682
96 -89.7592
97 -89.5649
98 -89.3739
99 -89.1766
100 -88.9689
101 -88.7535
102 -88.5383
103 -88.3322
104 -88.1414
105 -87.9676
106 -87.808
107 -87.6577
108 -87.5122
109 -87.3699
110 -87.2321
111 -87.1018
112 -86.9812
113 -86.8702
114 -86.7662
115 -86.6652
116 -86.565
117 -86.466
118 -86.3724
119 -86.2894
120 -86.2206
121 -86.1647
122 -86.1156
123 -86.0637
124 -86.0006
125 -85.9232
126 -85.8363
127 -85.7504
128 -85.6765
129 -85.6208
130 -85.5807
131 -85.5451
132 -85.499
133 -85.4304
134 -85.3372
135 -85.2282
136 -85.1192
137 -85.0252
138 -84.9528
139 -84.8972
140 -84.8446
141 -84.7784
142 -84.6883
143 -84.5759
144 -84.4539
145 -84.3397
146 -84.2467
147 -84.1782
148 -84.1267
149 -84.0781
150 -84.019
151 -83.944
152 -83.8587
153 -83.7764
154 -83.7109
155 -83.6698
156 -83.6512
157 -83.6458
158 -83.6419
159 -83.6323
160 -83.6177
161 -83.6062
162 -83.6077
163 -83.6281
164 -83.6659
165 -83.713
166 -83.7598
167 -83.8008
168 -83.8379
169 -83.8788
170 -83.9308
171 -83.9953
172 -84.0647
173 -84.1259
174 -84.167
175 -84.1853
176 -84.1892
177 -84.1934
178 -84.2089
179 -84.2356
180 -84.2602
181 -84.2629
182 -84.2291
183 -84.1592
184 -84.07
185 -83.9851
186 -83.922
187 -83.8828
188 -83.8538
189 -83.8135
190 -83.7455
191 -83.65
192 -83.5441
193 -83.4523
194 -83.3934
195 -83.3711
196 -83.3734
197 -83.3794
198 -83.3715
199 -83.3467
200 -83.3177
201 -83.3056
202 -83.3272
203 -83.3856
204 -83.4686
205 -83.5555
206 -83.6289
207 -83.6857
208 -83.7386
209 -83.8075
210 -83.9061
211 -84.0326
212 -84.1689
213 -84.2902
214 -84.3801
215 -84.4418
216 -84.4955
217 -84.5648
218 -84.6598
219 -84.7689
220 -84.8631
221 -84.9126
222 -84.9074
223 -84.8651
224 -84.8197
225 -84.7999
226 -84.812
227 -84.8357
228 -84.8362
229 -84.7862
230 -84.6855
231 -84.562
232 -84.4541
233 -84.3879
234 -84.3636
235 -84.3571
236 -84.3339
237 -84.2712
238 -84.1733
239 -84.0689
240 -83.9924
241 -83.9639
242 -83.9793
243 -84.0126
244 -84.0314
245 -84.0174
246 -83.9792
247 -83.9466
248 -83.9522
249 -84.0123
250 -84.1179
251 -84.2385
252 -84.3389
253 -84.402
254 -84.4409
255 -84.4918
256 -84.5915
257 -84.7563
258 -84.9715
259 -85.1965
260 -85.3858
261 -85.5178
262 -85.6109
263 -85.7123
264 -85.8668
265 -86.0899
266 -86.3557
267 -86.6049
268 -86.7772
269 -86.8517
270 -86.8638
271 -86.8781
272 -86.9444
273 -87.0674
274 -87.2014
275 -87.2746
276 -87.2355
277 -87.0938
278 -86.9133
279 -86.7669
280 -86.6941
281 -86.6842
282 -86.6843
283 -86.6301
284 -86.4883
285 -86.2818
286 -86.073
287 -85.9238
288 -85.8641
289 -85.8804
290 -85.9234
291 -85.9321
292 -85.87
293 -85.7493
294 -85.622
295 -85.5467
296 -85.5584
297 -85.6536
298 -85.7922
299 -85.9144
300 -85.9731
301 -85.963
302 -85.9241
303 -85.9158
304 -85.9838
305 -86.1399
306 -86.3572
307 -86.5803
308 -86.752
309 -86.8466
310 -86.8879
311 -86.9329
312 -87.039
313 -87.2366
314 -87.5169
315 -87.835
316 -88.1274
317 -88.3452
318 -88.4852
319 -88.5919
320 -88.7302
321 -88.9501
322 -89.2662
323 -89.6508
324 -90.0423
325 -90.3708
326 -90.5959
327 -90.7324
328 -90.8379
329 -90.9755
330 -91.1801
331 -91.4444
332 -91.7204
333 -91.9384
334 -92.0412
335 -92.0168
336 -91.9016
337 -91.7536
338 -91.6192
339 -91.5165
340 -91.4353
341 -91.3478
342 -91.2236
343 -91.0449
344 -90.8143
345 -90.5516
346 -90.284
347 -90.0354
348 -89.8201
349 -89.6416
350 -89.4934
351 -89.3631
352 -89.2366
353 -89.1035
354 -88.9603
355 -88.812
356 -88.6698
357 -88.547
358 -88.4547
359 -88.3985
360 -88.3766
361 -88.3811
362 -88.4003
363 -88.4227
364 -88.441
365 -88.4547
366 -88.47
367 -88.4971
368 -88.5461
369 -88.6237
370 -88.7306
371 -88.862
372 -89.0084
373 -89.1594
374 -89.3062
375 -89.4452
376 -89.5781
377 -89.7113
378 -89.8526
379 -90.0087
380 -90.1831
381 -90.375
382 -90.5805
383 -90.7937
384 -91.009
385 -91.2228
386 -91.4347
387 -91.6468
388 -91.8633
389 -92.0882
390 -92.3246
391 -92.5741
392 -92.8366
393 -93.1113
394 -93.3975
395 -93.6956
396 -94.0073
397 -94.3359
398 -94.6852
399 -95.0585
400 -95.4576
401 -95.8816
402 -96.3262
403 -96.7831
404 -97.2396
405 -97.6793
406 -98.0829
407 -98.4297
408 -98.7002
409 -98.879
410 -98.9572
411 -98.9337
412 -98.8156
413 -98.6159
414 -98.3512
415 -98.0391
416 -97.6959
417 -97.3351
418 -96.9676
419 -96.6009
420 -96.2401
421 -95.8879
422 -95.5458
423 -95.2142
424 -94.8931
425 -94.5824
426 -94.2821
427 -93.9925
428 -93.7141
429 -93.4476
430 -93.1939
431 -92.9538
432 -92.728
433 -92.5169
434 -92.3209
435 -92.1397
436 -91.9729
437 -91.8197
438 -91.6794
439 -91.5507
440 -91.4327
441 -91.3242
442 -91.2243
443 -91.1321
444 -91.047
445 -90.9686
446 -90.8966
447 -90.8313
448 -90.7728
449 -90.7217
450 -90.6789
451 -90.6451
452 -90.6216
453 -90.6094
454 -90.6096
455 -90.6237
456 -90.6526
457 -90.6975
458 -90.7596
459 -90.8398
460 -90.939
461 -91.058
462 -91.1974
463 -91.3577
464 -91.5391
465 -91.7417
466 -91.9653
467 -92.2094
468 -92.4731
469 -92.7555
470 -93.055
471 -93.3698
472 -93.6974
473 -94.0349
474 -94.3788
475 -94.7252
476 -95.0695
477 -95.4071
478 -95.7332
479 -96.043
480 -96.332
481 -96.5964
482 -96.8332
483 -97.0406
484 -97.2181
485 -97.3666
486 -97.4885
487 -97.5869
488 -97.6657
489 -97.7292
490 -97.7814
491 -97.8262
492 -97.8672
493 -97.9075
494 -97.95
495 -97.9971
496 -98.0507
497 -98.1124
498 -98.1831
499 -98.2633
500 -98.3531
501 -98.4521
502 -98.5599
503 -98.6759
504 -98.7994
505 -98.9293
506 -99.0644
507 -99.203
508 -99.3431
509 -99.4824
510 -99.6182
511 -99.7479
512 -99.8689
513 -99.9786
514 -100.075
515 -100.155
516 -100.218
517 -100.263
518 -100.287
519 -100.291
520 -100.276
521 -100.242
522 -100.191
523 -100.126
524 -100.047
525 -99.9575
526 -99.8586
527 -99.7524
528 -99.6407
529 -99.5253
530 -99.4079
531 -99.29
532 -99.1724
533 -99.0559
534 -98.941
535 -98.828
536 -98.7172
537 -98.6091
538 -98.5042
539 -98.4029
540 -98.3057
541 -98.2129
542 -98.1246
543 -98.0407
544 -97.9611
545 -97.8857
546 -97.8145
547 -97.7475
548 -97.6847
549 -97.6263
550 -97.5723
551 -97.5225
552 -97.4768
553 -97.435
554 -97.3969
555 -97.3623
556 -97.3312
557 -97.3032
558 -97.2781
559 -97.2557
560 -97.2354
561 -97.2171
562 -97.2001
563 -97.1844
564 -97.17
565 -97.1571
566 -97.146
567 -97.1371
568 -97.1308
569 -97.1272
570 -97.1262
571 -97.1274
572 -97.1302
573 -97.1339
574 -97.1378
575 -97.1412
576 -97.1437
577 -97.1451
578 -97.1453
579 -97.1441
580 -97.1417
581 -97.1379
582 -97.1323
583 -97.1244
584 -97.1132
585 -97.098
586 -97.0779
587 -97.0524
588 -97.021
589 -96.9839
590 -96.9413
591 -96.8936
592 -96.8412
593 -96.7842
594 -96.7226
595 -96.6565
596 -96.586
597 -96.5118
598 -96.4348
599 -96.357
600 -96.2804
601 -96.2076
602 -96.1411
603 -96.083
604 -96.0348
605 -95.9973
606 -95.9705
607 -95.9541
608 -95.9473
609 -95.9497
610 -95.961
611 -95.9815
612 -96.0119
613 -96.0534
614 -96.1072
615 -96.1746
616 -96.2564
617 -96.3532
618 -96.4651
619 -96.5921
620 -96.7339
621 -96.8905
622 -97.062
623 -97.2485
624 -97.4505
625 -97.6685
626 -97.9031
627 -98.1545
628 -98.4227
629 -98.7072
630 -99.0068
631 -99.3202
632 -99.6455
633 -99.9813
634 -100.327
635 -100.68
636 -101.043
637 -101.415
638 -101.796
639 -102.187
640 -102.587
641 -102.996
642 -103.41
643 -103.825
644 -104.237
645 -104.639
646 -105.027
647 -105.396
648 -105.743
649 -106.068
650 -106.372
651 -106.656
652 -106.923
653 -107.174
654 -107.411
655 -107.636
656 -107.848
657 -108.05
658 -108.244
659 -108.433
660 -108.62
661 -108.809
662 -109.003
663 -109.205
664 -109.418
665 -109.646
666 -109.889
667 -110.151
668 -110.433
669 -110.737
670 -111.065
671 -111.42
672 -111.802
673 -112.216
674 -112.665
675 -113.15
676 -113.674
677 -114.236
678 -114.832
679 -115.454
680 -116.09
681 -116.727
682 -117.348
683 -117.936
684 -118.474
685 -118.933
686 -119.278
687 -119.469
688 -119.474
689 -119.292
690 -118.951
691 -118.497
692 -117.975
693 -117.417
694 -116.841
695 -116.26
696 -115.684
697 -115.126
698 -114.594
699 -114.094
700 -113.622
701 -113.172
702 -112.738
703 -112.319
704 -111.919
705 -111.54
706 -111.186
707 -110.852
708 -110.531
709 -110.217
710 -109.912
711 -109.618
712 -109.342
713 -109.083
714 -108.838
715 -108.599
716 -108.363
717 -108.128
718 -107.899
719 -107.68
720 -107.469
721 -107.263
722 -107.059
723 -106.855
724 -106.653
725 -106.455
726 -106.259
727 -106.061
728 -105.86
729 -105.654
730 -105.448
731 -105.245
732 -105.047
733 -104.849
734 -104.645
735 -104.433
736 -104.216
737 -104.002
738 -103.797
739 -103.6
740 -103.408
741 -103.212
742 -103.009
743 -102.803
744 -102.603
745 -102.415
746 -102.236
747 -102.062
748 -101.885
749 -101.706
750 -101.529
751 -101.365
752 -101.217
753 -101.083
754 -100.956
755 -100.828
756 -100.699
757 -100.575
758 -100.463
759 -100.367
760 -100.285
761 -100.21
762 -100.135
763 -100.061
764 -99.9912
765 -99.9312
766 -99.8831
767 -99.8437
768 -99.8064
769 -99.7665
770 -99.7246
771 -99.6866
772 -99.6592
773 -99.6448
774 -99.6402
775 -99.6388
776 -99.6349
777 -99.6278
778 -99.6205
779 -99.6158
780 -99.6123
781 -99.6037
782 -99.5835
783 -99.5505
784 -99.5111
785 -99.4761
786 -99.454
787 -99.4445
788 -99.4386
789 -99.4243
790 -99.3947
791 -99.3534
792 -99.3126
793 -99.2861
794 -99.2814
795 -99.2964
796 -99.3223
797 -99.3488
798 -99.3702
799 -99.3854
800 -99.3959
801 -99.4009
802 -99.3971
803 -99.3815
804 -99.3559
805 -99.3282
806 -99.3088
807 -99.3048
808 -99.3146
809 -99.3298
810 -99.34
811 -99.3407
812 -99.3367
813 -99.3389
814 -99.3572
815 -99.3949
816 -99.4474
817 -99.5071
818 -99.5688
819 -99.6329
820 -99.7028
821 -99.7791
822 -99.8563
823 -99.9252
824 -99.9795
825 -100.022
826 -100.067
827 -100.126
828 -100.207
829 -100.306
830 -100.41
831 -100.507
832 -100.597
833 -100.688
834 -100.792
835 -100.914
836 -101.047
837 -101.176
838 -101.293
839 -101.403
840 -101.52
841 -101.657
842 -101.812
843 -101.971
844 -102.11
845 -102.22
846 -102.314
847 -102.415
848 -102.545
849 -102.7
850 -102.857
851 -102.989
852 -103.087
853 -103.169
854 -103.268
855 -103.402
856 -103.558
857 -103.7
858 -103.792
859 -103.833
860 -103.859
861 -103.914
862 -104.02
863 -104.151
864 -104.255
865 -104.293
866 -104.27
867 -104.24
868 -104.256
869 -104.33
870 -104.423
871 -104.471
872 -104.437
873 -104.351
874 -104.282
875 -104.287
876 -104.362
877 -104.44
878 -104.436
879 -104.325
880 -104.169
881 -104.073
882 -104.099
883 -104.223
884 -104.33
885 -104.285
886 -104.055
887 -103.762
888 -103.597
889 -103.733
890 -104.348
