0 -9.28282
1 -10.0303
2 -10.7156
3 -11.3131
4 -11.8049
5 -12.1936
6 -12.4994
7 -12.7453
8 -12.9488
9 -13.1211
10 -13.2702
11 -13.4029
12 -13.5258
13 -13.6453
14 -13.767
15 -13.8951
16 -14.0327
17 -14.1792
18 -14.3232
19 -14.4272
20 -14.4478
21 -14.4082
22 -14.3587
23 -14.322
24 -14.3035
25 -14.3031
26 -14.3197
27 -14.3518
28 -14.3976
29 -14.4547
30 -14.5188
31 -14.5808
32 -14.6242
33 -14.6325
34 -14.6053
35 -14.5596
36 -14.5117
37 -14.4698
38 -14.4359
39 -14.4096
40 -14.3895
41 -14.3741
42 -14.3625
43 -14.3542
44 -14.3489
45 -14.346
46 -14.3448
47 -14.3442
48 -14.3427
49 -14.3387
50 -14.3309
51 -14.3183
52 -14.301
53 -14.2802
54 -14.2578
55 -14.2361
56 -14.2172
57 -14.2022
58 -14.1915
59 -14.1844
60 -14.1793
61 -14.174
62 -14.1666
63 -14.1559
64 -14.1419
65 -14.1261
66 -14.1104
67 -14.0964
68 -14.0853
69 -14.0771
70 -14.0708
71 -14.065
72 -14.0576
73 -14.0472
74 -14.0335
75 -14.0174
76 -14.0008
77 -13.9853
78 -13.9724
79 -13.9623
80 -13.9543
81 -13.947
82 -13.9389
83 -13.9285
84 -13.9157
85 -13.9012
86 -13.8862
87 -13.8722
88 -13.8599
89 -13.8495
90 -13.8404
91 -13.8314
92 -13.8216
93 -13.8103
94 -13.7977
95 -13.7844
96 -13.7713
97 -13.7592
98 -13.7484
99 -13.7387
100 -13.7295
101 -13.7203
102 -13.7108
103 -13.7008
104 -13.691
105 -13.6816
106 -13.6732
107 -13.6657
108 -13.6587
109 -13.6519
110 -13.6449
111 -13.6378
112 -13.6308
113 -13.6244
114 -13.6192
115 -13.6151
116 -13.6118
117 -13.6086
118 -13.6048
119 -13.6001
120 -13.5946
121 -13.5892
122 -13.5847
123 -13.5817
124 -13.58
125 -13.5792
126 -13.5779
127 -13.5754
128 -13.5711
129 -13.5657
130 -13.56
131 -13.5554
132 -13.5524
133 -13.5508
134 -13.5497
135 -13.5478
136 -13.5442
137 -13.5387
138 -13.5321
139 -13.5256
140 -13.5204
141 -13.5168
142 -13.5144
143 -13.5122
144 -13.5091
145 -13.5044
146 -13.4985
147 -13.4923
148 -13.4869
149 -13.4829
150 -13.4804
151 -13.4787
152 -13.4769
153 -13.4744
154 -13.4711
155 -13.4677
156 -13.4649
157 -13.4633
158 -13.463
159 -13.4636
160 -13.4642
161 -13.4644
162 -13.4642
163 -13.4641
164 -13.465
165 -13.4671
166 -13.4704
167 -13.474
168 -13.477
169 -13.4789
170 -13.4798
171 -13.4806
172 -13.4825
173 -13.4858
174 -13.4902
175 -13.4944
176 -13.497
177 -13.4971
178 -13.4951
179 -13.4924
180 -13.4906
181 -13.4905
182 -13.4916
183 -13.4925
184 -13.4916
185 -13.488
186 -13.4822
187 -13.4759
188 -13.4707
189 -13.4677
190 -13.4665
191 -13.4658
192 -13.4641
193 -13.4607
194 -13.4559
195 -13.4512
196 -13.4481
197 -13.4472
198 -13.4484
199 -13.4503
200 -13.4517
201 -13.452
202 -13.4515
203 -13.4515
204 -13.4532
205 -13.4572
206 -13.4628
207 -13.4686
208 -13.4733
209 -13.4765
210 -13.4787
211 -13.4817
212 -13.4867
213 -13.4938
214 -13.502
215 -13.5091
216 -13.5135
217 -13.515
218 -13.5151
219 -13.5159
220 -13.519
221 -13.524
222 -13.5293
223 -13.5323
224 -13.5315
225 -13.5273
226 -13.522
227 -13.5181
228 -13.5169
229 -13.5177
230 -13.5186
231 -13.5173
232 -13.5128
233 -13.506
234 -13.4993
235 -13.4947
236 -13.493
237 -13.4933
238 -13.4937
239 -13.4921
240 -13.4882
241 -13.4831
242 -13.4789
243 -13.4774
244 -13.4789
245 -13.4823
246 -13.4856
247 -13.487
248 -13.4861
249 -13.4843
250 -13.484
251 -13.4869
252 -13.4933
253 -13.5019
254 -13.5103
255 -13.5164
256 -13.5197
257 -13.5219
258 -13.5255
259 -13.5326
260 -13.5437
261 -13.5571
262 -13.57
263 -13.5795
264 -13.5851
265 -13.5886
266 -13.5931
267 -13.601
268 -13.6124
269 -13.6252
270 -13.6353
271 -13.6398
272 -13.6386
273 -13.6347
274 -13.6321
275 -13.633
276 -13.6368
277 -13.6407
278 -13.6408
279 -13.6349
280 -13.6245
281 -13.6131
282 -13.6044
283 -13.6002
284 -13.5999
285 -13.6007
286 -13.5992
287 -13.5934
288 -13.5841
289 -13.5743
290 -13.5671
291 -13.5646
292 -13.5666
293 -13.571
294 -13.5748
295 -13.5752
296 -13.572
297 -13.567
298 -13.5633
299 -13.5635
300 -13.5684
301 -13.577
302 -13.5864
303 -13.5935
304 -13.5966
305 -13.5964
306 -13.5957
307 -13.5976
308 -13.6041
309 -13.6154
310 -13.6294
311 -13.6428
312 -13.6526
313 -13.6578
314 -13.6602
315 -13.6634
316 -13.6705
317 -13.6831
318 -13.7006
319 -13.7202
320 -13.7378
321 -13.7504
322 -13.7577
323 -13.7624
324 -13.7687
325 -13.7797
326 -13.7962
327 -13.8166
328 -13.8369
329 -13.8526
330 -13.8609
331 -13.8629
332 -13.8621
333 -13.8625
334 -13.8661
335 -13.8723
336 -13.8786
337 -13.8817
338 -13.8791
339 -13.8709
340 -13.8591
341 -13.8463
342 -13.8345
343 -13.8244
344 -13.8159
345 -13.8081
346 -13.8
347 -13.7912
348 -13.7813
349 -13.7708
350 -13.7601
351 -13.7497
352 -13.7402
353 -13.7319
354 -13.7251
355 -13.7199
356 -13.716
357 -13.7132
358 -13.7109
359 -13.7086
360 -13.7061
361 -13.7033
362 -13.7008
363 -13.6992
364 -13.699
365 -13.7006
366 -13.704
367 -13.7086
368 -13.714
369 -13.7195
370 -13.7245
371 -13.7291
372 -13.7334
373 -13.7381
374 -13.7435
375 -13.7502
376 -13.758
377 -13.7669
378 -13.7764
379 -13.786
380 -13.7956
381 -13.8049
382 -13.8141
383 -13.8234
384 -13.8331
385 -13.8432
386 -13.8538
387 -13.8646
388 -13.8755
389 -13.8865
390 -13.8976
391 -13.9091
392 -13.9213
393 -13.9346
394 -13.9494
395 -13.9657
396 -13.9836
397 -14.0027
398 -14.0228
399 -14.0434
400 -14.0641
401 -14.0846
402 -14.1049
403 -14.1248
404 -14.1443
405 -14.163
406 -14.1805
407 -14.196
408 -14.2087
409 -14.2177
410 -14.2223
411 -14.2223
412 -14.218
413 -14.2099
414 -14.1988
415 -14.1854
416 -14.1706
417 -14.1546
418 -14.138
419 -14.121
420 -14.1037
421 -14.0864
422 -14.0692
423 -14.0522
424 -14.0354
425 -14.019
426 -14.003
427 -13.9875
428 -13.9723
429 -13.9576
430 -13.9434
431 -13.9297
432 -13.9166
433 -13.9042
434 -13.8926
435 -13.8817
436 -13.8717
437 -13.8626
438 -13.8545
439 -13.8473
440 -13.8411
441 -13.8358
442 -13.8314
443 -13.8278
444 -13.8249
445 -13.8227
446 -13.821
447 -13.8199
448 -13.8192
449 -13.8188
450 -13.8187
451 -13.8189
452 -13.8193
453 -13.82
454 -13.821
455 -13.8223
456 -13.8239
457 -13.8261
458 -13.8287
459 -13.8319
460 -13.8358
461 -13.8404
462 -13.8459
463 -13.8522
464 -13.8595
465 -13.8679
466 -13.8773
467 -13.8878
468 -13.8995
469 -13.9123
470 -13.9264
471 -13.9416
472 -13.9581
473 -13.9757
474 -13.9944
475 -14.0141
476 -14.0348
477 -14.0563
478 -14.0784
479 -14.1009
480 -14.1234
481 -14.1456
482 -14.1671
483 -14.1874
484 -14.2058
485 -14.222
486 -14.2355
487 -14.2459
488 -14.2531
489 -14.2572
490 -14.2583
491 -14.2568
492 -14.2531
493 -14.2478
494 -14.2414
495 -14.2342
496 -14.2267
497 -14.2192
498 -14.2119
499 -14.2051
500 -14.1988
501 -14.1932
502 -14.1882
503 -14.184
504 -14.1805
505 -14.1776
506 -14.1754
507 -14.1739
508 -14.1728
509 -14.1722
510 -14.172
511 -14.1721
512 -14.1724
513 -14.1727
514 -14.1732
515 -14.1735
516 -14.1738
517 -14.1741
518 -14.1742
519 -14.1741
520 -14.174
521 -14.1737
522 -14.1733
523 -14.173
524 -14.1726
525 -14.1723
526 -14.1721
527 -14.172
528 -14.1721
529 -14.1723
530 -14.1727
531 -14.1732
532 -14.1739
533 -14.1747
534 -14.1756
535 -14.1766
536 -14.1775
537 -14.1785
538 -14.1793
539 -14.18
540 -14.1806
541 -14.181
542 -14.1812
543 -14.1812
544 -14.181
545 -14.1806
546 -14.1801
547 -14.1795
548 -14.1787
549 -14.1778
550 -14.1769
551 -14.176
552 -14.1752
553 -14.1745
554 -14.174
555 -14.1737
556 -14.1735
557 -14.1736
558 -14.174
559 -14.1745
560 -14.1752
561 -14.176
562 -14.177
563 -14.178
564 -14.1792
565 -14.1804
566 -14.1817
567 -14.1831
568 -14.1844
569 -14.1858
570 -14.1871
571 -14.1883
572 -14.1894
573 -14.1904
574 -14.1912
575 -14.1918
576 -14.1922
577 -14.1923
578 -14.1922
579 -14.1918
580 -14.1912
581 -14.1904
582 -14.1892
583 -14.1879
584 -14.1863
585 -14.1844
586 -14.1823
587 -14.1799
588 -14.1773
589 -14.1743
590 -14.1711
591 -14.1677
592 -14.1641
593 -14.1604
594 -14.1565
595 -14.1525
596 -14.1484
597 -14.1442
598 -14.14
599 -14.1358
600 -14.1316
601 -14.1277
602 -14.1241
603 -14.1209
604 -14.1182
605 -14.116
606 -14.1143
607 -14.1131
608 -14.1124
609 -14.112
610 -14.1121
611 -14.1127
612 -14.1136
613 -14.1151
614 -14.1172
615 -14.12
616 -14.1234
617 -14.1277
618 -14.1327
619 -14.1386
620 -14.1452
621 -14.1527
622 -14.1609
623 -14.17
624 -14.18
625 -14.1908
626 -14.2026
627 -14.2154
628 -14.2291
629 -14.2439
630 -14.2596
631 -14.2762
632 -14.2937
633 -14.3119
634 -14.3309
635 -14.3506
636 -14.371
637 -14.3922
638 -14.4142
639 -14.437
640 -14.4607
641 -14.4851
642 -14.5101
643 -14.5355
644 -14.561
645 -14.5861
646 -14.6104
647 -14.6335
648 -14.655
649 -14.6748
650 -14.6926
651 -14.7086
652 -14.7227
653 -14.735
654 -14.7456
655 -14.7546
656 -14.7623
657 -14.7687
658 -14.7743
659 -14.7791
660 -14.7835
661 -14.7878
662 -14.7923
663 -14.7974
664 -14.8032
665 -14.8101
666 -14.818
667 -14.8271
668 -14.8376
669 -14.8494
670 -14.8629
671 -14.8782
672 -14.8957
673 -14.9156
674 -14.9381
675 -14.9637
676 -14.9926
677 -15.0252
678 -15.0622
679 -15.1041
680 -15.1519
681 -15.2067
682 -15.2704
683 -15.3456
684 -15.4367
685 -15.5504
686 -15.6941
687 -15.8494
688 -15.8744
689 -15.726
690 -15.5687
691 -15.4423
692 -15.3412
693 -15.2579
694 -15.1874
695 -15.1265
696 -15.073
697 -15.0258
698 -14.9838
699 -14.9461
700 -14.912
701 -14.8808
702 -14.852
703 -14.8254
704 -14.8009
705 -14.7785
706 -14.758
707 -14.7391
708 -14.7213
709 -14.7045
710 -14.6886
711 -14.6739
712 -14.6604
713 -14.648
714 -14.6365
715 -14.6256
716 -14.6151
717 -14.6049
718 -14.5952
719 -14.5862
720 -14.5777
721 -14.5697
722 -14.562
723 -14.5544
724 -14.5471
725 -14.5401
726 -14.5334
727 -14.5267
728 -14.52
729 -14.5132
730 -14.5064
731 -14.4999
732 -14.4936
733 -14.4873
734 -14.4808
735 -14.474
736 -14.4669
737 -14.4598
738 -14.453
739 -14.4466
740 -14.4403
741 -14.4338
742 -14.4268
743 -14.4195
744 -14.4124
745 -14.4057
746 -14.3993
747 -14.393
748 -14.3863
749 -14.3794
750 -14.3724
751 -14.366
752 -14.3603
753 -14.3552
754 -14.3503
755 -14.3452
756 -14.3399
757 -14.3348
758 -14.3302
759 -14.3264
760 -14.3232
761 -14.3202
762 -14.3173
763 -14.3142
764 -14.3113
765 -14.3088
766 -14.3069
767 -14.3053
768 -14.3038
769 -14.3019
770 -14.2999
771 -14.2981
772 -14.2968
773 -14.2962
774 -14.2961
775 -14.2961
776 -14.2958
777 -14.2953
778 -14.2947
779 -14.2942
780 -14.2937
781 -14.2929
782 -14.2914
783 -14.2893
784 -14.2868
785 -14.2845
786 -14.2828
787 -14.2816
788 -14.2804
789 -14.2786
790 -14.276
791 -14.2728
792 -14.2697
793 -14.2675
794 -14.2664
795 -14.2662
796 -14.2664
797 -14.2665
798 -14.2662
799 -14.2657
800 -14.265
801 -14.2642
802 -14.2629
803 -14.2611
804 -14.2589
805 -14.2566
806 -14.2548
807 -14.2539
808 -14.2536
809 -14.2536
810 -14.2534
811 -14.2527
812 -14.2519
813 -14.2515
814 -14.252
815 -14.2534
816 -14.2554
817 -14.2577
818 -14.2601
819 -14.2627
820 -14.2656
821 -14.2689
822 -14.2721
823 -14.275
824 -14.2771
825 -14.2788
826 -14.2806
827 -14.2832
828 -14.287
829 -14.2916
830 -14.2964
831 -14.3008
832 -14.3049
833 -14.3092
834 -14.3142
835 -14.3201
836 -14.3263
837 -14.3323
838 -14.3376
839 -14.3427
840 -14.3481
841 -14.3547
842 -14.362
843 -14.3694
844 -14.3756
845 -14.3805
846 -14.3846
847 -14.3893
848 -14.3953
849 -14.4026
850 -14.4097
851 -14.4155
852 -14.4197
853 -14.4232
854 -14.4277
855 -14.434
856 -14.4412
857 -14.4475
858 -14.4513
859 -14.4529
860 -14.4539
861 -14.4565
862 -14.4615
863 -14.4677
864 -14.4725
865 -14.4741
866 -14.4731
867 -14.4719
868 -14.4731
869 -14.477
870 -14.4818
871 -14.4843
872 -14.4831
873 -14.4795
874 -14.4769
875 -14.478
876 -14.4824
877 -14.4869
878 -14.4874
879 -14.4827
880 -14.476
881 -14.4722
882 -14.4746
883 -14.4817
884 -14.488
885 -14.4867
886 -14.4763
887 -14.4629
888 -14.4558
889 -14.4638
890 -14.4958
