0 0
1 -14.9495
2 -28.6548
3 -40.6058
4 -50.4414
5 -58.2184
6 -64.3351
7 -69.2497
8 -73.3111
9 -76.7519
10 -79.739
11 -82.4106
12 -84.889
13 -87.2824
14 -89.6896
15 -92.2057
16 -94.9201
17 -97.8738
18 -100.869
19 -103.031
20 -103.327
21 -102.428
22 -101.45
23 -100.78
24 -100.457
25 -100.454
26 -100.745
27 -101.32
28 -102.179
29 -103.305
30 -104.635
31 -105.987
32 -107.01
33 -107.326
34 -106.885
35 -105.988
36 -104.944
37 -103.929
38 -103.029
39 -102.294
40 -101.751
41 -101.413
42 -101.268
43 -101.288
44 -101.422
45 -101.598
46 -101.732
47 -101.744
48 -101.587
49 -101.263
50 -100.82
51 -100.328
52 -99.8587
53 -99.4627
54 -99.1677
55 -98.9744
56 -98.8568
57 -98.7665
58 -98.644
59 -98.4412
60 -98.144
61 -97.7788
62 -97.3972
63 -97.0525
64 -96.7821
65 -96.6003
66 -96.4967
67 -96.438
68 -96.375
69 -96.2559
70 -96.047
71 -95.7482
72 -95.3927
73 -95.0299
74 -94.7049
75 -94.4445
76 -94.2525
77 -94.1106
78 -93.9841
79 -93.834
80 -93.6316
81 -93.3711
82 -93.0706
83 -92.7616
84 -92.474
85 -92.2253
86 -92.0163
87 -91.8334
88 -91.6547
89 -91.4593
90 -91.2363
91 -90.9881
92 -90.7275
93 -90.4703
94 -90.2275
95 -90.0017
96 -89.7873
97 -89.5749
98 -89.3578
99 -89.1356
100 -88.915
101 -88.706
102 -88.5166
103 -88.3475
104 -88.1914
105 -88.0356
106 -87.8685
107 -87.686
108 -87.4954
109 -87.3127
110 -87.1555
111 -87.0352
112 -86.9512
113 -86.8899
114 -86.8286
115 -86.7454
116 -86.6299
117 -86.4893
118 -86.3453
119 -86.2243
120 -86.1447
121 -86.1094
122 -86.1033
123 -86.0985
124 -86.0656
125 -85.9889
126 -85.8742
127 -85.7464
128 -85.6358
129 -85.5636
130 -85.5328
131 -85.5265
132 -85.5155
133 -85.4713
134 -85.3814
135 -85.2559
136 -85.1211
137 -85.0047
138 -84.9222
139 -84.8712
140 -84.8328
141 -84.7822
142 -84.7018
143 -84.5906
144 -84.4641
145 -84.3448
146 -84.2491
147 -84.1805
148 -84.1283
149 -84.0754
150 -84.0082
151 -83.9256
152 -83.839
153 -83.7657
154 -83.7179
155 -83.6963
156 -83.6888
157 -83.6778
158 -83.6511
159 -83.6102
160 -83.5708
161 -83.5542
162 -83.5753
163 -83.6331
164 -83.7099
165 -83.7782
166 -83.8157
167 -83.8195
168 -83.8087
169 -83.8141
170 -83.8605
171 -83.9528
172 -84.0712
173 -84.1788
174 -84.2399
175 -84.2415
176 -84.2021
177 -84.1594
178 -84.1475
179 -84.178
180 -84.2337
181 -84.2774
182 -84.2725
183 -84.2059
184 -84.0967
185 -83.9832
186 -83.8988
187 -83.8548
188 -83.8361
189 -83.8118
190 -83.7548
191 -83.6594
192 -83.5462
193 -83.4479
194 -83.3898
195 -83.3763
196 -83.389
197 -83.3978
198 -83.3796
199 -83.3347
200 -83.2869
201 -83.2697
202 -83.3059
203 -83.3942
204 -83.5084
205 -83.6097
206 -83.669
207 -83.6876
208 -83.6971
209 -83.7405
210 -83.8464
211 -84.0124
212 -84.2029
213 -84.3643
214 -84.456
215 -84.4782
216 -84.4728
217 -84.4949
218 -84.5792
219 -84.7203
220 -84.8727
221 -84.974
222 -84.9835
223 -84.9122
224 -84.8147
225 -84.7508
226 -84.7502
227 -84.798
228 -84.8434
229 -84.8299
230 -84.7339
231 -84.5827
232 -84.4352
233 -84.3431
234 -84.3232
235 -84.3498
236 -84.3686
237 -84.3286
238 -84.2169
239 -84.0691
240 -83.9449
241 -83.8921
242 -83.9225
243 -84.0063
244 -84.0856
245 -84.1062
246 -84.0537
247 -83.9643
248 -83.9009
249 -83.9159
250 -84.0251
251 -84.2006
252 -84.3815
253 -84.5052
254 -84.5478
255 -84.5425
256 -84.5574
257 -84.6537
258 -84.8543
259 -85.1317
260 -85.4165
261 -85.6308
262 -85.7394
263 -85.778
264 -85.828
265 -85.9638
266 -86.2115
267 -86.5328
268 -86.8338
269 -87.012
270 -87.0289
271 -86.9439
272 -86.8665
273 -86.8829
274 -87.0126
275 -87.1989
276 -87.3315
277 -87.3096
278 -87.1191
279 -86.8443
280 -86.6015
281 -86.4694
282 -86.4603
283 -86.5222
284 -86.5622
285 -86.4968
286 -86.3078
287 -86.0538
288 -85.8261
289 -85.6951
290 -85.6832
291 -85.7614
292 -85.8622
293 -85.9102
294 -85.8644
295 -85.7438
296 -85.6121
297 -85.5377
298 -85.5608
299 -85.6809
300 -85.859
301 -86.0327
302 -86.1452
303 -86.1764
304 -86.1545
305 -86.1362
306 -86.1755
307 -86.3011
308 -86.5085
309 -86.7632
310 -87.0132
311 -87.2115
312 -87.3394
313 -87.4165
314 -87.4883
315 -87.6027
316 -87.7916
317 -88.0612
318 -88.3912
319 -88.7398
320 -89.0575
321 -89.3081
322 -89.4878
323 -89.6277
324 -89.7778
325 -89.9834
326 -90.2674
327 -90.62
328 -90.9976
329 -91.3334
330 -91.5654
331 -91.6717
332 -91.6839
333 -91.6653
334 -91.6728
335 -91.7305
336 -91.8218
337 -91.8976
338 -91.9006
339 -91.7962
340 -91.5935
341 -91.3354
342 -91.0721
343 -90.8372
344 -90.6399
345 -90.4695
346 -90.3064
347 -90.1341
348 -89.9469
349 -89.7498
350 -89.5532
351 -89.3664
352 -89.1935
353 -89.0343
354 -88.8878
355 -88.755
356 -88.6403
357 -88.5493
358 -88.4861
359 -88.4498
360 -88.4337
361 -88.4278
362 -88.4224
363 -88.4133
364 -88.4032
365 -88.4016
366 -88.4198
367 -88.4667
368 -88.545
369 -88.6503
370 -88.773
371 -88.9022
372 -89.0299
373 -89.1541
374 -89.2787
375 -89.4107
376 -89.556
377 -89.7165
378 -89.8888
379 -90.0657
380 -90.24
381 -90.4077
382 -90.571
383 -90.7371
384 -90.9157
385 -91.1152
386 -91.3395
387 -91.5868
388 -91.8502
389 -92.1208
390 -92.3911
391 -92.6578
392 -92.9233
393 -93.1943
394 -93.4784
395 -93.7818
396 -94.1059
397 -94.4474
398 -94.7996
399 -95.1547
400 -95.5072
401 -95.856
402 -96.2043
403 -96.5578
404 -96.9211
405 -97.2943
406 -97.6705
407 -98.0348
408 -98.3668
409 -98.6435
410 -98.8456
411 -98.9611
412 -98.9869
413 -98.9263
414 -98.7861
415 -98.5731
416 -98.2937
417 -97.9547
418 -97.5649
419 -97.1356
420 -96.68
421 -96.2117
422 -95.7434
423 -95.2853
424 -94.845
425 -94.4272
426 -94.0346
427 -93.6685
428 -93.329
429 -93.0158
430 -92.7283
431 -92.4662
432 -92.229
433 -92.0162
434 -91.827
435 -91.6607
436 -91.516
437 -91.3914
438 -91.2851
439 -91.1952
440 -91.1196
441 -91.0563
442 -91.0035
443 -90.9597
444 -90.9237
445 -90.8948
446 -90.8726
447 -90.8572
448 -90.8488
449 -90.8479
450 -90.855
451 -90.8706
452 -90.8952
453 -90.9291
454 -90.9723
455 -91.0249
456 -91.0868
457 -91.1577
458 -91.2374
459 -91.3255
460 -91.422
461 -91.5266
462 -91.6396
463 -91.7612
464 -91.892
465 -92.0327
466 -92.1843
467 -92.348
468 -92.5251
469 -92.7172
470 -92.926
471 -93.1532
472 -93.4006
473 -93.6704
474 -93.9644
475 -94.2847
476 -94.633
477 -95.0111
478 -95.4205
479 -95.8625
480 -96.3379
481 -96.8473
482 -97.3899
483 -97.9638
484 -98.5649
485 -99.1857
486 -99.8143
487 -100.433
488 -101.018
489 -101.538
490 -101.958
491 -102.247
492 -102.382
493 -102.357
494 -102.185
495 -101.895
496 -101.519
497 -101.09
498 -100.635
499 -100.173
500 -99.7182
501 -99.2783
502 -98.8579
503 -98.4591
504 -98.0828
505 -97.7292
506 -97.3983
507 -97.0896
508 -96.8025
509 -96.5362
510 -96.2898
511 -96.0621
512 -95.8522
513 -95.6593
514 -95.4832
515 -95.3237
516 -95.1809
517 -95.0549
518 -94.9456
519 -94.8528
520 -94.7759
521 -94.7144
522 -94.6678
523 -94.6357
524 -94.6178
525 -94.614
526 -94.624
527 -94.6474
528 -94.6834
529 -94.731
530 -94.7889
531 -94.8554
532 -94.9292
533 -95.0088
534 -95.0931
535 -95.1811
536 -95.2718
537 -95.364
538 -95.4566
539 -95.548
540 -95.6371
541 -95.7229
542 -95.8046
543 -95.8823
544 -95.9565
545 -96.0278
546 -96.0971
547 -96.165
548 -96.232
549 -96.2986
550 -96.3653
551 -96.4329
552 -96.5025
553 -96.5757
554 -96.6541
555 -96.7391
556 -96.8317
557 -96.9324
558 -97.0411
559 -97.1573
560 -97.28
561 -97.4085
562 -97.5421
563 -97.6803
564 -97.8225
565 -97.9683
566 -98.1164
567 -98.2651
568 -98.412
569 -98.5544
570 -98.6893
571 -98.8142
572 -98.9268
573 -99.0256
574 -99.1096
575 -99.1781
576 -99.2304
577 -99.2659
578 -99.2838
579 -99.2839
580 -99.2665
581 -99.2327
582 -99.1844
583 -99.1239
584 -99.0541
585 -98.9772
586 -98.8952
587 -98.8095
588 -98.7212
589 -98.631
590 -98.54
591 -98.4491
592 -98.3598
593 -98.2732
594 -98.1903
595 -98.1116
596 -98.0373
597 -97.9672
598 -97.9007
599 -97.8376
600 -97.778
601 -97.7223
602 -97.6715
603 -97.6267
604 -97.5889
605 -97.5588
606 -97.5366
607 -97.5218
608 -97.5136
609 -97.511
610 -97.5135
611 -97.5209
612 -97.5335
613 -97.5526
614 -97.5799
615 -97.6173
616 -97.6665
617 -97.7292
618 -97.8062
619 -97.8979
620 -98.0045
621 -98.1256
622 -98.2614
623 -98.412
624 -98.578
625 -98.76
626 -98.959
627 -99.1757
628 -99.4106
629 -99.6642
630 -99.9366
631 -100.228
632 -100.537
633 -100.865
634 -101.209
635 -101.572
636 -101.952
637 -102.351
638 -102.773
639 -103.218
640 -103.691
641 -104.191
642 -104.72
643 -105.277
644 -105.859
645 -106.464
646 -107.086
647 -107.72
648 -108.359
649 -108.996
650 -109.623
651 -110.232
652 -110.816
653 -111.363
654 -111.863
655 -112.303
656 -112.67
657 -112.953
658 -113.146
659 -113.255
660 -113.291
661 -113.271
662 -113.214
663 -113.137
664 -113.054
665 -112.976
666 -112.912
667 -112.868
668 -112.849
669 -112.859
670 -112.903
671 -112.982
672 -113.102
673 -113.265
674 -113.476
675 -113.735
676 -114.044
677 -114.403
678 -114.81
679 -115.261
680 -115.752
681 -116.272
682 -116.806
683 -117.324
684 -117.785
685 -118.134
686 -118.31
687 -118.265
688 -117.983
689 -117.489
690 -116.836
691 -116.085
692 -115.286
693 -114.479
694 -113.686
695 -112.923
696 -112.197
697 -111.513
698 -110.872
699 -110.271
700 -109.708
701 -109.179
702 -108.684
703 -108.223
704 -107.795
705 -107.399
706 -107.031
707 -106.687
708 -106.363
709 -106.056
710 -105.769
711 -105.503
712 -105.26
713 -105.036
714 -104.829
715 -104.631
716 -104.443
717 -104.263
718 -104.095
719 -103.94
720 -103.797
721 -103.665
722 -103.541
723 -103.425
724 -103.317
725 -103.218
726 -103.129
727 -103.046
728 -102.967
729 -102.892
730 -102.821
731 -102.758
732 -102.704
733 -102.657
734 -102.612
735 -102.566
736 -102.52
737 -102.476
738 -102.438
739 -102.406
740 -102.379
741 -102.351
742 -102.319
743 -102.285
744 -102.252
745 -102.226
746 -102.205
747 -102.182
748 -102.153
749 -102.116
750 -102.079
751 -102.049
752 -102.033
753 -102.027
754 -102.022
755 -102.011
756 -101.991
757 -101.97
758 -101.956
759 -101.955
760 -101.963
761 -101.972
762 -101.973
763 -101.966
764 -101.959
765 -101.958
766 -101.966
767 -101.975
768 -101.976
769 -101.961
770 -101.934
771 -101.906
772 -101.893
773 -101.897
774 -101.914
775 -101.931
776 -101.937
777 -101.929
778 -101.911
779 -101.891
780 -101.869
781 -101.84
782 -101.796
783 -101.736
784 -101.666
785 -101.597
786 -101.532
787 -101.469
788 -101.394
789 -101.299
790 -101.184
791 -101.062
792 -100.95
793 -100.862
794 -100.796
795 -100.743
796 -100.689
797 -100.626
798 -100.557
799 -100.487
800 -100.421
801 -100.358
802 -100.289
803 -100.21
804 -100.121
805 -100.035
806 -99.9621
807 -99.91
808 -99.8738
809 -99.8425
810 -99.8057
811 -99.7616
812 -99.7177
813 -99.6849
814 -99.6701
815 -99.6719
816 -99.683
817 -99.696
818 -99.7097
819 -99.7282
820 -99.7559
821 -99.7915
822 -99.8261
823 -99.8495
824 -99.8581
825 -99.86
826 -99.8701
827 -99.9013
828 -99.9554
829 -100.023
830 -100.09
831 -100.149
832 -100.203
833 -100.265
834 -100.345
835 -100.439
836 -100.536
837 -100.622
838 -100.692
839 -100.759
840 -100.839
841 -100.942
842 -101.061
843 -101.173
844 -101.258
845 -101.315
846 -101.362
847 -101.426
848 -101.52
849 -101.634
850 -101.741
851 -101.816
852 -101.86
853 -101.898
854 -101.962
855 -102.061
856 -102.175
857 -102.265
858 -102.305
859 -102.305
860 -102.303
861 -102.34
862 -102.424
863 -102.526
864 -102.595
865 -102.603
866 -102.568
867 -102.54
868 -102.562
869 -102.637
870 -102.724
871 -102.764
872 -102.733
873 -102.664
874 -102.624
875 -102.659
876 -102.758
877 -102.854
878 -102.871
879 -102.788
880 -102.671
881 -102.618
882 -102.687
883 -102.851
884 -102.997
885 -102.993
886 -102.809
887 -102.567
888 -102.456
889 -102.651
890 -103.333
