0 0 0
1 -14.9495 -14.9495
2 -28.6548 -28.6549
3 -40.6058 -40.606
4 -50.4413 -50.4416
5 -58.2174 -58.2174
6 -64.3329 -64.3309
7 -69.2476 -69.2427
8 -73.3125 -73.307
9 -76.7589 -76.7593
10 -79.7489 -79.7607
11 -82.4157 -82.4356
12 -84.8822 -84.8964
13 -87.264 -87.2563
14 -89.6694 -89.6339
15 -92.1987 -92.1498
16 -94.9377 -94.912
17 -97.9131 -97.9575
18 -100.903 -101.023
19 -103.024 -103.089
20 -103.294 -103.211
21 -102.398 -102.289
22 -101.423 -101.372
23 -100.755 -100.766
24 -100.446 -100.493
25 -100.471 -100.526
26 -100.802 -100.845
27 -101.417 -101.442
28 -102.295 -102.306
29 -103.406 -103.41
30 -104.674 -104.677
31 -105.92 -105.921
32 -106.815 -106.805
33 -107.011 -106.977
34 -106.49 -106.421
35 -105.578 -105.468
36 -104.599 -104.456
37 -103.722 -103.568
38 -103.003 -102.872
39 -102.448 -102.378
40 -102.044 -102.062
41 -101.769 -101.884
42 -101.598 -101.79
43 -101.503 -101.727
44 -101.456 -101.65
45 -101.426 -101.532
46 -101.386 -101.367
47 -101.312 -101.163
48 -101.187 -100.939
49 -101.004 -100.715
50 -100.766 -100.507
51 -100.484 -100.321
52 -100.171 -100.152
53 -99.8443 -99.9772
54 -99.5161 -99.7659
55 -99.197 -99.4901
56 -98.8938 -99.1413
57 -98.61 -98.7386
58 -98.3466 -98.3229
59 -98.1026 -97.9404
60 -97.8754 -97.6281
61 -97.6616 -97.4052
62 -97.4573 -97.269
63 -97.2586 -97.1959
64 -97.0618 -97.1439
65 -96.864 -97.0626
66 -96.6627 -96.9087
67 -96.4565 -96.6648
68 -96.2445 -96.3468
69 -96.0267 -95.9953
70 -95.8036 -95.6574
71 -95.5758 -95.3702
72 -95.3447 -95.1507
73 -95.1112 -94.9935
74 -94.8764 -94.8727
75 -94.6412 -94.7482
76 -94.4064 -94.5803
77 -94.1724 -94.3456
78 -93.9395 -94.0485
79 -93.7078 -93.7181
80 -93.4772 -93.3936
81 -93.2475 -93.1078
82 -93.0184 -92.8771
83 -92.7895 -92.6975
84 -92.5605 -92.5476
85 -92.3312 -92.3958
86 -92.1013 -92.2123
87 -91.8707 -91.9817
88 -91.6394 -91.7087
89 -91.4074 -91.4145
90 -91.175 -91.1258
91 -90.9425 -90.8632
92 -90.7103 -90.6347
93 -90.4788 -90.4346
94 -90.2488 -90.2472
95 -90.0207 -90.0547
96 -89.7952 -89.8444
97 -89.5731 -89.6147
98 -89.3549 -89.3742
99 -89.1413 -89.1367
100 -88.933 -88.914
101 -88.7304 -88.7112
102 -88.5341 -88.5253
103 -88.3445 -88.3479
104 -88.162 -88.1707
105 -87.987 -87.9904
106 -87.8195 -87.8106
107 -87.6598 -87.6399
108 -87.508 -87.487
109 -87.364 -87.3555
110 -87.2278 -87.2415
111 -87.0993 -87.1341
112 -86.9782 -87.0211
113 -86.8643 -86.8951
114 -86.7573 -86.7585
115 -86.6569 -86.6232
116 -86.5626 -86.5053
117 -86.474 -86.417
118 -86.3905 -86.3606
119 -86.3118 -86.3257
120 -86.2371 -86.2927
121 -86.1661 -86.2405
122 -86.098 -86.1574
123 -86.0322 -86.0479
124 -85.9683 -85.9309
125 -85.9056 -85.8306
126 -85.8434 -85.7644
127 -85.7814 -85.735
128 -85.7188 -85.728
129 -85.6554 -85.7171
130 -85.5905 -85.676
131 -85.5239 -85.592
132 -85.4552 -85.4733
133 -85.3842 -85.3444
134 -85.3107 -85.2333
135 -85.2347 -85.1575
136 -85.1561 -85.1161
137 -85.0751 -85.0908
138 -84.9918 -85.054
139 -84.9066 -84.9827
140 -84.8198 -84.8715
141 -84.7317 -84.735
142 -84.6429 -84.5995
143 -84.5539 -84.4883
144 -84.4654 -84.4113
145 -84.3779 -84.3611
146 -84.292 -84.3178
147 -84.2085 -84.2598
148 -84.1279 -84.1759
149 -84.051 -84.0712
150 -83.9784 -83.9638
151 -83.9107 -83.8737
152 -83.8486 -83.8123
153 -83.7925 -83.7774
154 -83.743 -83.7553
155 -83.7006 -83.7295
156 -83.6655 -83.6905
157 -83.6383 -83.6423
158 -83.619 -83.5994
159 -83.6079 -83.5779
160 -83.605 -83.5857
161 -83.6102 -83.6174
162 -83.6233 -83.6567
163 -83.6441 -83.6852
164 -83.6721 -83.6946
165 -83.7066 -83.6926
166 -83.747 -83.6991
167 -83.7923 -83.7344
168 -83.8414 -83.807
169 -83.8933 -83.9062
170 -83.9464 -84.0055
171 -83.9995 -84.0755
172 -84.051 -84.101
173 -84.0994 -84.0922
174 -84.1431 -84.0786
175 -84.1806 -84.0915
176 -84.2107 -84.1455
177 -84.2319 -84.2288
178 -84.2435 -84.3074
179 -84.2448 -84.3414
180 -84.2352 -84.31
181 -84.2149 -84.2256
182 -84.1841 -84.1256
183 -84.1435 -84.0499
184 -84.094 -84.0179
185 -84.0369 -84.0202
186 -83.9735 -84.024
187 -83.9056 -83.9919
188 -83.8348 -83.9058
189 -83.7629 -83.7792
190 -83.6917 -83.648
191 -83.6227 -83.5486
192 -83.5578 -83.4979
193 -83.4982 -83.4868
194 -83.4455 -83.4865
195 -83.4007 -83.4661
196 -83.3648 -83.4125
197 -83.3387 -83.3392
198 -83.323 -83.2775
199 -83.3181 -83.2566
200 -83.3244 -83.2869
201 -83.3419 -83.3542
202 -83.3705 -83.4272
203 -83.4101 -83.4759
204 -83.4602 -83.4916
205 -83.5204 -83.4935
206 -83.5898 -83.517
207 -83.6678 -83.5915
208 -83.7532 -83.722
209 -83.8449 -83.8841
210 -83.9415 -84.0341
211 -84.0417 -84.1338
212 -84.1438 -84.1769
213 -84.246 -84.1949
214 -84.3465 -84.2366
215 -84.4433 -84.3372
216 -84.5347 -84.4971
217 -84.6185 -84.6778
218 -84.6933 -84.8187
219 -84.7573 -84.8737
220 -84.8093 -84.8446
221 -84.8484 -84.7805
222 -84.874 -84.7438
223 -84.8861 -84.7712
224 -84.8849 -84.8544
225 -84.871 -84.9437
226 -84.8455 -84.9755
227 -84.8095 -84.9145
228 -84.7645 -84.7805
229 -84.7121 -84.6335
230 -84.6538 -84.5329
231 -84.5912 -84.5036
232 -84.5258 -84.5255
233 -84.4591 -84.5455
234 -84.3925 -84.5093
235 -84.3273 -84.3987
236 -84.2645 -84.2455
237 -84.2053 -84.1085
238 -84.1506 -84.0359
239 -84.1014 -84.0396
240 -84.0586 -84.0903
241 -84.0228 -84.1322
242 -83.9947 -84.1161
243 -83.9752 -84.0331
244 -83.9646 -83.9223
245 -83.9637 -83.8438
246 -83.9727 -83.8434
247 -83.9923 -83.9288
248 -84.0227 -84.0659
249 -84.0644 -84.1939
250 -84.1174 -84.2591
251 -84.1822 -84.2519
252 -84.2587 -84.2145
253 -84.3471 -84.213
254 -84.4474 -84.2984
255 -84.5594 -84.4809
256 -84.6829 -84.7243
257 -84.8175 -84.9597
258 -84.9624 -85.123
259 -85.117 -85.1984
260 -85.28 -85.2318
261 -85.4501 -85.2989
262 -85.6256 -85.4584
263 -85.8042 -85.7211
264 -85.9837 -86.041
265 -86.1613 -86.3316
266 -86.3336 -86.5134
267 -86.4976 -86.5714
268 -86.6496 -86.5684
269 -86.7861 -86.5971
270 -86.904 -86.72
271 -87.0004 -86.9359
272 -87.0729 -87.1757
273 -87.1203 -87.3329
274 -87.1419 -87.3308
275 -87.1381 -87.1847
276 -87.1103 -86.9889
277 -87.0608 -86.8457
278 -86.9922 -86.8082
279 -86.908 -86.861
280 -86.8115 -86.9299
281 -86.7065 -86.9208
282 -86.5963 -86.78
283 -86.4841 -86.5345
284 -86.3729 -86.2695
285 -86.2651 -86.0707
286 -86.1629 -85.9825
287 -86.0681 -85.9955
288 -85.982 -86.054
289 -85.9058 -86.0817
290 -85.8403 -86.023
291 -85.786 -85.8785
292 -85.7435 -85.7022
293 -85.7128 -85.5649
294 -85.6941 -85.5171
295 -85.6875 -85.5699
296 -85.6927 -85.6933
297 -85.7096 -85.8284
298 -85.738 -85.9137
299 -85.7777 -85.9192
300 -85.8283 -85.8643
301 -85.8895 -85.8042
302 -85.961 -85.7976
303 -86.0425 -85.8798
304 -86.1338 -86.0505
305 -86.2346 -86.2738
306 -86.3448 -86.4916
307 -86.4641 -86.6487
308 -86.5927 -86.7239
309 -86.7304 -86.7436
310 -86.8775 -86.7653
311 -87.034 -86.847
312 -87.2001 -87.0227
313 -87.376 -87.2911
314 -87.5618 -87.6147
315 -87.7576 -87.9312
316 -87.9635 -88.1796
317 -88.1793 -88.3344
318 -88.4048 -88.4234
319 -88.6394 -88.5106
320 -88.8824 -88.6625
321 -89.1328 -88.9192
322 -89.3894 -89.2808
323 -89.6504 -89.7042
324 -89.9136 -90.1133
325 -90.1765 -90.4296
326 -90.4359 -90.6178
327 -90.6882 -90.7099
328 -90.9291 -90.7828
329 -91.154 -90.9114
330 -91.3578 -91.1333
331 -91.5355 -91.435
332 -91.6821 -91.7534
333 -91.7935 -91.9982
334 -91.8664 -92.0971
335 -91.8987 -92.0413
336 -91.8903 -91.8871
337 -91.8423 -91.7131
338 -91.7573 -91.5755
339 -91.6395 -91.4895
340 -91.4935 -91.4335
341 -91.3245 -91.3654
342 -91.1379 -91.2463
343 -90.9386 -91.0598
344 -90.7315 -90.8176
345 -90.5207 -90.549
346 -90.3098 -90.284
347 -90.102 -90.0423
348 -89.8998 -89.8307
349 -89.7054 -89.6469
350 -89.5206 -89.4847
351 -89.3469 -89.3382
352 -89.1853 -89.203
353 -89.037 -89.0761
354 -88.9025 -88.9542
355 -88.7825 -88.8346
356 -88.6774 -88.7158
357 -88.5875 -88.6
358 -88.513 -88.4937
359 -88.4539 -88.4065
360 -88.4102 -88.3478
361 -88.3818 -88.3239
362 -88.3687 -88.3343
363 -88.3704 -88.372
364 -88.3869 -88.4249
365 -88.4177 -88.4801
366 -88.4624 -88.5286
367 -88.5205 -88.5687
368 -88.5917 -88.6069
369 -88.6753 -88.6544
370 -88.7707 -88.7226
371 -88.8773 -88.8186
372 -88.9944 -88.9434
373 -89.1213 -89.0913
374 -89.2573 -89.2532
375 -89.4017 -89.4194
376 -89.5538 -89.5835
377 -89.7129 -89.7441
378 -89.8785 -89.9045
379 -90.05 -90.0697
380 -90.2271 -90.2439
381 -90.4095 -90.4278
382 -90.597 -90.6182
383 -90.7898 -90.8102
384 -90.9879 -90.999
385 -91.1918 -91.1836
386 -91.4019 -91.3673
387 -91.619 -91.5574
388 -91.8437 -91.7629
389 -92.077 -91.9917
390 -92.3201 -92.2478
391 -92.5738 -92.5308
392 -92.8395 -92.8358
393 -93.1183 -93.1556
394 -93.4112 -93.4829
395 -93.7193 -93.8129
396 -94.0434 -94.1448
397 -94.3841 -94.4816
398 -94.7414 -94.8287
399 -95.115 -95.1911
400 -95.5039 -95.5708
401 -95.906 -95.9654
402 -96.318 -96.3678
403 -96.735 -96.7668
404 -97.1501 -97.1495
405 -97.5541 -97.504
406 -97.9352 -97.8211
407 -98.279 -98.0955
408 -98.5695 -98.3243
409 -98.7905 -98.5052
410 -98.9278 -98.6343
411 -98.9717 -98.7058
412 -98.9188 -98.7128
413 -98.7735 -98.6497
414 -98.546 -98.5149
415 -98.2512 -98.312
416 -97.9055 -98.0496
417 -97.5248 -97.7391
418 -97.1233 -97.3929
419 -96.7126 -97.0221
420 -96.3019 -96.6358
421 -95.8977 -96.2412
422 -95.5051 -95.8436
423 -95.1274 -95.4473
424 -94.7668 -95.0563
425 -94.4245 -94.6738
426 -94.1012 -94.3031
427 -93.7973 -93.9472
428 -93.5126 -93.6084
429 -93.2468 -93.2887
430 -92.9995 -92.9892
431 -92.7703 -92.7106
432 -92.5584 -92.453
433 -92.3635 -92.2161
434 -92.1847 -91.9991
435 -92.0216 -91.8014
436 -91.8735 -91.6222
437 -91.7398 -91.4606
438 -91.6199 -91.316
439 -91.5132 -91.1881
440 -91.4191 -91.0763
441 -91.3372 -90.9804
442 -91.2669 -90.9002
443 -91.2078 -90.8352
444 -91.1596 -90.7851
445 -91.1217 -90.7492
446 -91.0939 -90.7268
447 -91.0757 -90.717
448 -91.067 -90.7187
449 -91.0674 -90.7308
450 -91.0765 -90.7522
451 -91.0942 -90.7815
452 -91.1202 -90.8176
453 -91.1541 -90.8595
454 -91.1958 -90.9064
455 -91.245 -90.9577
456 -91.3013 -91.0131
457 -91.3646 -91.0728
458 -91.4344 -91.1372
459 -91.5104 -91.207
460 -91.5923 -91.2835
461 -91.6796 -91.3678
462 -91.7719 -91.4617
463 -91.8687 -91.5667
464 -91.9696 -91.6848
465 -92.0742 -91.8179
466 -92.1819 -91.9678
467 -92.2923 -92.1365
468 -92.4049 -92.3258
469 -92.5194 -92.5377
470 -92.6353 -92.7737
471 -92.7524 -93.0355
472 -92.8705 -93.3247
473 -92.9894 -93.6426
474 -93.1091 -93.9905
475 -93.2298 -94.3695
476 -93.3517 -94.7802
477 -93.4752 -95.2231
478 -93.6009 -95.6979
479 -93.7294 -96.2034
480 -93.8615 -96.7376
481 -93.9979 -97.2964
482 -94.1396 -97.8737
483 -94.2877 -98.4602
484 -94.4432 -99.0424
485 -94.6073 -99.6023
486 -94.7814 -100.117
487 -94.9666 -100.561
488 -95.1645 -100.907
489 -95.3763 -101.135
490 -95.6035 -101.234
491 -95.8476 -101.208
492 -96.1099 -101.069
493 -96.392 -100.842
494 -96.6956 -100.553
495 -97.0221 -100.224
496 -97.3736 -99.8773
497 -97.7517 -99.5278
498 -98.1586 -99.1868
499 -98.5963 -98.8619
500 -99.0667 -98.5573
501 -99.572 -98.2754
502 -100.114 -98.0166
503 -100.695 -97.7806
504 -101.315 -97.5664
505 -101.976 -97.3728
506 -102.676 -97.1984
507 -103.412 -97.042
508 -104.174 -96.9019
509 -104.947 -96.7766
510 -105.703 -96.6644
511 -106.4 -96.5634
512 -106.98 -96.4722
513 -107.38 -96.3894
514 -107.546 -96.3143
515 -107.463 -96.2463
516 -107.155 -96.1855
517 -106.679 -96.1318
518 -106.097 -96.0856
519 -105.464 -96.0469
520 -104.818 -96.0157
521 -104.182 -95.9923
522 -103.569 -95.9768
523 -102.988 -95.9696
524 -102.441 -95.9712
525 -101.929 -95.9822
526 -101.451 -96.003
527 -101.005 -96.0337
528 -100.589 -96.0743
529 -100.201 -96.1241
530 -99.8388 -96.1824
531 -99.5 -96.2481
532 -99.1826 -96.3203
533 -98.885 -96.3979
534 -98.6057 -96.48
535 -98.3436 -96.5652
536 -98.0978 -96.6525
537 -97.8675 -96.7402
538 -97.6519 -96.8268
539 -97.4501 -96.9105
540 -97.2614 -96.9899
541 -97.085 -97.064
542 -96.9204 -97.1318
543 -96.7669 -97.1933
544 -96.6242 -97.2484
545 -96.4922 -97.2976
546 -96.3704 -97.3412
547 -96.2588 -97.3797
548 -96.1568 -97.4136
549 -96.0642 -97.4439
550 -95.9802 -97.4714
551 -95.9043 -97.4975
552 -95.8357 -97.524
553 -95.774 -97.5525
554 -95.7187 -97.5848
555 -95.6696 -97.6222
556 -95.6264 -97.6658
557 -95.589 -97.716
558 -95.5571 -97.7728
559 -95.5303 -97.8356
560 -95.5081 -97.9037
561 -95.4898 -97.9765
562 -95.4748 -98.0533
563 -95.4627 -98.1335
564 -95.4531 -98.2165
565 -95.4461 -98.3017
566 -95.4418 -98.388
567 -95.4405 -98.474
568 -95.4423 -98.5581
569 -95.4472 -98.6385
570 -95.4545 -98.7132
571 -95.4634 -98.7807
572 -95.4726 -98.8396
573 -95.4805 -98.889
574 -95.4859 -98.9286
575 -95.4877 -98.9578
576 -95.4856 -98.9765
577 -95.4795 -98.9842
578 -95.47 -98.9807
579 -95.4576 -98.966
580 -95.4431 -98.9406
581 -95.4269 -98.905
582 -95.4092 -98.8606
583 -95.3897 -98.8085
584 -95.3682 -98.7501
585 -95.3444 -98.6864
586 -95.3181 -98.6183
587 -95.2896 -98.5462
588 -95.2596 -98.4706
589 -95.2287 -98.3919
590 -95.1978 -98.3107
591 -95.1674 -98.228
592 -95.1377 -98.1444
593 -95.1085 -98.0609
594 -95.0794 -97.9781
595 -95.0498 -97.8963
596 -95.0193 -97.8156
597 -94.9879 -97.7359
598 -94.9565 -97.6572
599 -94.9261 -97.5799
600 -94.8985 -97.5048
601 -94.8757 -97.4333
602 -94.8596 -97.367
603 -94.8516 -97.3075
604 -94.8526 -97.2561
605 -94.863 -97.2136
606 -94.8823 -97.18
607 -94.9098 -97.1551
608 -94.9445 -97.1378
609 -94.9857 -97.1275
610 -95.0329 -97.1236
611 -95.0862 -97.1264
612 -95.1461 -97.1365
613 -95.2134 -97.1555
614 -95.289 -97.185
615 -95.3737 -97.2268
616 -95.4682 -97.2826
617 -95.5727 -97.3534
618 -95.687 -97.44
619 -95.8108 -97.5429
620 -95.9438 -97.662
621 -96.0859 -97.7976
622 -96.2369 -97.9497
623 -96.3971 -98.1187
624 -96.5668 -98.3053
625 -96.7463 -98.5104
626 -96.9359 -98.7348
627 -97.1355 -98.9796
628 -97.3446 -99.2452
629 -97.5623 -99.532
630 -97.7875 -99.8398
631 -98.0187 -100.168
632 -98.2544 -100.516
633 -98.4935 -100.883
634 -98.7355 -101.268
635 -98.9805 -101.672
636 -99.2292 -102.094
637 -99.4827 -102.536
638 -99.7424 -102.999
639 -100.009 -103.486
640 -100.284 -103.996
641 -100.566 -104.531
642 -100.855 -105.088
643 -101.149 -105.665
644 -101.447 -106.255
645 -101.746 -106.852
646 -102.047 -107.444
647 -102.347 -108.022
648 -102.647 -108.575
649 -102.949 -109.093
650 -103.255 -109.567
651 -103.566 -109.992
652 -103.884 -110.362
653 -104.211 -110.675
654 -104.548 -110.929
655 -104.893 -111.125
656 -105.248 -111.267
657 -105.612 -111.361
658 -105.983 -111.414
659 -106.362 -111.436
660 -106.749 -111.436
661 -107.143 -111.426
662 -107.544 -111.414
663 -107.95 -111.41
664 -108.361 -111.423
665 -108.772 -111.458
666 -109.181 -111.519
667 -109.582 -111.607
668 -109.971 -111.723
669 -110.34 -111.871
670 -110.686 -112.053
671 -111.002 -112.275
672 -111.283 -112.543
673 -111.527 -112.862
674 -111.73 -113.239
675 -111.888 -113.677
676 -112 -114.181
677 -112.064 -114.759
678 -112.082 -115.418
679 -112.057 -116.172
680 -111.993 -117.034
681 -111.899 -118.021
682 -111.785 -119.15
683 -111.659 -120.433
684 -111.531 -121.862
685 -111.406 -123.353
686 -111.29 -124.636
687 -111.184 -125.175
688 -111.088 -124.585
689 -111.002 -123.172
690 -110.928 -121.494
691 -110.867 -119.865
692 -110.823 -118.382
693 -110.795 -117.057
694 -110.783 -115.874
695 -110.787 -114.816
696 -110.804 -113.867
697 -110.836 -113.014
698 -110.885 -112.244
699 -110.953 -111.545
700 -111.042 -110.906
701 -111.149 -110.318
702 -111.268 -109.775
703 -111.394 -109.274
704 -111.523 -108.814
705 -111.659 -108.393
706 -111.805 -108.008
707 -111.96 -107.651
708 -112.118 -107.318
709 -112.264 -107.004
710 -112.387 -106.71
711 -112.482 -106.438
712 -112.552 -106.19
713 -112.598 -105.964
714 -112.615 -105.756
715 -112.587 -105.559
716 -112.501 -105.371
717 -112.349 -105.191
718 -112.138 -105.021
719 -111.88 -104.864
720 -111.582 -104.719
721 -111.245 -104.584
722 -110.87 -104.456
723 -110.463 -104.335
724 -110.035 -104.22
725 -109.596 -104.114
726 -109.15 -104.014
727 -108.698 -103.918
728 -108.241 -103.824
729 -107.784 -103.731
730 -107.336 -103.641
731 -106.901 -103.557
732 -106.483 -103.48
733 -106.076 -103.406
734 -105.675 -103.331
735 -105.278 -103.251
736 -104.89 -103.168
737 -104.518 -103.085
738 -104.166 -103.008
739 -103.836 -102.938
740 -103.519 -102.87
741 -103.209 -102.797
742 -102.904 -102.717
743 -102.607 -102.631
744 -102.325 -102.546
745 -102.062 -102.467
746 -101.817 -102.393
747 -101.581 -102.318
748 -101.35 -102.235
749 -101.123 -102.143
750 -100.907 -102.049
751 -100.707 -101.964
752 -100.528 -101.891
753 -100.365 -101.83
754 -100.211 -101.771
755 -100.06 -101.707
756 -99.9105 -101.635
757 -99.7684 -101.563
758 -99.6406 -101.5
759 -99.5305 -101.45
760 -99.4353 -101.412
761 -99.3481 -101.377
762 -99.2626 -101.339
763 -99.1775 -101.297
764 -99.0969 -101.256
765 -99.0266 -101.222
766 -98.9699 -101.197
767 -98.9243 -101.177
768 -98.8838 -101.152
769 -98.8429 -101.118
770 -98.8009 -101.078
771 -98.7617 -101.041
772 -98.7311 -101.016
773 -98.7122 -101.006
774 -98.7032 -101.007
775 -98.6989 -101.007
776 -98.6948 -101
777 -98.6898 -100.985
778 -98.6865 -100.966
779 -98.687 -100.947
780 -98.6898 -100.927
781 -98.6892 -100.901
782 -98.6786 -100.86
783 -98.6563 -100.806
784 -98.6281 -100.743
785 -98.6048 -100.684
786 -98.5957 -100.635
787 -98.6028 -100.592
788 -98.6192 -100.544
789 -98.633 -100.48
790 -98.6353 -100.398
791 -98.6263 -100.307
792 -98.6153 -100.222
793 -98.6155 -100.157
794 -98.6365 -100.115
795 -98.6795 -100.089
796 -98.7382 -100.066
797 -98.803 -100.038
798 -98.8661 -100.003
799 -98.9244 -99.9638
800 -98.9772 -99.9254
801 -99.0236 -99.8863
802 -99.0603 -99.8411
803 -99.0841 -99.7852
804 -99.0958 -99.7206
805 -99.1019 -99.6566
806 -99.1131 -99.6044
807 -99.1377 -99.5702
808 -99.1764 -99.5509
809 -99.2217 -99.5366
810 -99.2625 -99.5173
811 -99.2917 -99.4903
812 -99.3115 -99.462
813 -99.3326 -99.4433
814 -99.367 -99.4422
815 -99.4211 -99.459
816 -99.4926 -99.4871
817 -99.5738 -99.5191
818 -99.6576 -99.5522
819 -99.742 -99.5892
820 -99.8295 -99.6342
821 -99.9214 -99.6868
822 -100.014 -99.7397
823 -100.098 -99.7829
824 -100.167 -99.8118
825 -100.221 -99.8323
826 -100.273 -99.8584
827 -100.337 -99.9033
828 -100.422 -99.9708
829 -100.525 -100.053
830 -100.635 -100.138
831 -100.737 -100.215
832 -100.83 -100.287
833 -100.922 -100.364
834 -101.025 -100.457
835 -101.147 -100.566
836 -101.283 -100.68
837 -101.419 -100.786
838 -101.543 -100.878
839 -101.658 -100.966
840 -101.777 -101.064
841 -101.915 -101.184
842 -102.075 -101.32
843 -102.243 -101.453
844 -102.396 -101.562
845 -102.519 -101.642
846 -102.623 -101.71
847 -102.73 -101.792
848 -102.866 -101.902
849 -103.032 -102.034
850 -103.207 -102.161
851 -103.361 -102.26
852 -103.478 -102.326
853 -103.576 -102.383
854 -103.685 -102.462
855 -103.831 -102.575
856 -104.006 -102.706
857 -104.171 -102.816
858 -104.287 -102.878
859 -104.344 -102.895
860 -104.376 -102.906
861 -104.435 -102.952
862 -104.546 -103.046
863 -104.687 -103.161
864 -104.804 -103.246
865 -104.846 -103.268
866 -104.817 -103.243
867 -104.77 -103.219
868 -104.768 -103.244
869 -104.828 -103.324
870 -104.912 -103.418
871 -104.946 -103.466
872 -104.888 -103.441
873 -104.765 -103.373
874 -104.656 -103.329
875 -104.623 -103.36
876 -104.666 -103.456
877 -104.714 -103.553
878 -104.676 -103.569
879 -104.521 -103.484
880 -104.315 -103.36
881 -104.168 -103.297
882 -104.149 -103.357
883 -104.233 -103.513
884 -104.303 -103.652
885 -104.216 -103.641
886 -103.937 -103.448
887 -103.591 -103.195
888 -103.373 -103.071
889 -103.461 -103.25
890 -104.032 -103.913
