0 0 0
1 -14.9495 -14.9495
2 -28.6548 -28.6548
3 -40.6058 -40.6057
4 -50.4413 -50.4408
5 -58.2174 -58.2164
6 -64.3329 -64.3325
7 -69.2476 -69.2502
8 -73.3125 -73.3191
9 -76.7589 -76.7656
10 -79.7489 -79.7477
11 -82.4157 -82.4013
12 -84.8822 -84.8598
13 -87.264 -87.2501
14 -89.6694 -89.683
15 -92.1987 -92.2461
16 -94.9377 -94.9972
17 -97.9131 -97.9268
18 -100.903 -100.808
19 -103.024 -102.887
20 -103.294 -103.3
21 -102.398 -102.508
22 -101.423 -101.518
23 -100.755 -100.785
24 -100.446 -100.413
25 -100.471 -100.406
26 -100.802 -100.738
27 -101.417 -101.38
28 -102.295 -102.296
29 -103.406 -103.438
30 -104.674 -104.72
31 -105.92 -105.959
32 -106.815 -106.828
33 -107.011 -106.993
34 -106.49 -106.45
35 -105.578 -105.536
36 -104.599 -104.579
37 -103.722 -103.739
38 -103.003 -103.062
39 -102.448 -102.536
40 -102.044 -102.133
41 -101.769 -101.826
42 -101.598 -101.594
43 -101.503 -101.428
44 -101.456 -101.321
45 -101.426 -101.263
46 -101.386 -101.24
47 -101.312 -101.228
48 -101.187 -101.197
49 -101.004 -101.118
50 -100.766 -100.961
51 -100.484 -100.71
52 -100.171 -100.364
53 -99.8443 -99.947
54 -99.5161 -99.4991
55 -99.197 -99.0659
56 -98.8938 -98.6871
57 -98.61 -98.3877
58 -98.3466 -98.1737
59 -98.1026 -98.0312
60 -97.8754 -97.9288
61 -97.6616 -97.8241
62 -97.4573 -97.6761
63 -97.2586 -97.4612
64 -97.0618 -97.1821
65 -96.864 -96.866
66 -96.6627 -96.5513
67 -96.4565 -96.2724
68 -96.2445 -96.0498
69 -96.0267 -95.8851
70 -95.8036 -95.7605
71 -95.5758 -95.6434
72 -95.3447 -95.4955
73 -95.1112 -95.2877
74 -94.8764 -95.0135
75 -94.6412 -94.692
76 -94.4064 -94.3588
77 -94.1724 -94.0506
78 -93.9395 -93.792
79 -93.7078 -93.5892
80 -93.4772 -93.4291
81 -93.2475 -93.2839
82 -93.0184 -93.1206
83 -92.7895 -92.9142
84 -92.5605 -92.6581
85 -92.3312 -92.3668
86 -92.1013 -92.0673
87 -91.8707 -91.7867
88 -91.6394 -91.5416
89 -91.4074 -91.334
90 -91.175 -91.1513
91 -90.9425 -90.9723
92 -90.7103 -90.776
93 -90.4788 -90.5503
94 -90.2488 -90.2973
95 -90.0207 -90.0308
96 -89.7952 -89.7694
97 -89.5731 -89.5278
98 -89.3549 -89.3119
99 -89.1413 -89.1177
100 -88.933 -88.9345
101 -88.7304 -88.7505
102 -88.5341 -88.5587
103 -88.3445 -88.3603
104 -88.162 -88.1629
105 -87.987 -87.9764
106 -87.8195 -87.8075
107 -87.6598 -87.6566
108 -87.508 -87.5176
109 -87.364 -87.3817
110 -87.2278 -87.2423
111 -87.0993 -87.0992
112 -86.9782 -86.9592
113 -86.8643 -86.8325
114 -86.7573 -86.7275
115 -86.6569 -86.6455
116 -86.5626 -86.5793
117 -86.474 -86.5151
118 -86.3905 -86.4391
119 -86.3118 -86.3446
120 -86.2371 -86.2363
121 -86.1661 -86.1285
122 -86.098 -86.0384
123 -86.0322 -85.9772
124 -85.9683 -85.9445
125 -85.9056 -85.9267
126 -85.8434 -85.9023
127 -85.7814 -85.8514
128 -85.7188 -85.7666
129 -85.6554 -85.6571
130 -85.5905 -85.5446
131 -85.5239 -85.4516
132 -85.4552 -85.3908
133 -85.3842 -85.3588
134 -85.3107 -85.337
135 -85.2347 -85.3
136 -85.1561 -85.228
137 -85.0751 -85.118
138 -84.9918 -84.9855
139 -84.9066 -84.8559
140 -84.8198 -84.7509
141 -84.7317 -84.6789
142 -84.6429 -84.6314
143 -84.5539 -84.5876
144 -84.4654 -84.5251
145 -84.3779 -84.4323
146 -84.292 -84.3143
147 -84.2085 -84.1901
148 -84.1279 -84.0815
149 -84.051 -84.0022
150 -83.9784 -83.9521
151 -83.9107 -83.9181
152 -83.8486 -83.8823
153 -83.7925 -83.8319
154 -83.743 -83.7662
155 -83.7006 -83.697
156 -83.6655 -83.6408
157 -83.6383 -83.6096
158 -83.619 -83.6044
159 -83.6079 -83.6153
160 -83.605 -83.6277
161 -83.6102 -83.6315
162 -83.6233 -83.6273
163 -83.6441 -83.6262
164 -83.6721 -83.6429
165 -83.7066 -83.6858
166 -83.747 -83.7512
167 -83.7923 -83.8236
168 -83.8414 -83.8838
169 -83.8933 -83.9208
170 -83.9464 -83.9388
171 -83.9995 -83.956
172 -84.051 -83.9929
173 -84.0994 -84.0596
174 -84.1431 -84.1478
175 -84.1806 -84.2322
176 -84.2107 -84.2833
177 -84.2319 -84.2847
178 -84.2435 -84.2446
179 -84.2448 -84.1912
180 -84.2352 -84.1554
181 -84.2149 -84.1529
182 -84.1841 -84.1756
183 -84.1435 -84.1944
184 -84.094 -84.1759
185 -84.0369 -84.1031
186 -83.9735 -83.9871
187 -83.9056 -83.8607
188 -83.8348 -83.7584
189 -83.7629 -83.6984
190 -83.6917 -83.6744
191 -83.6227 -83.6604
192 -83.5578 -83.6265
193 -83.4982 -83.5572
194 -83.4455 -83.4616
195 -83.4007 -83.3677
196 -83.3648 -83.3049
197 -83.3387 -83.2881
198 -83.323 -83.311
199 -83.3181 -83.3499
200 -83.3244 -83.3783
201 -83.3419 -83.3831
202 -83.3705 -83.3731
203 -83.4101 -83.3731
204 -83.4602 -83.408
205 -83.5204 -83.4873
206 -83.5898 -83.5993
207 -83.6678 -83.7162
208 -83.7532 -83.8105
209 -83.8449 -83.8726
210 -83.9415 -83.9182
211 -84.0417 -83.9779
212 -84.1438 -84.0774
213 -84.246 -84.2202
214 -84.3465 -84.3827
215 -84.4433 -84.5248
216 -84.5347 -84.6128
217 -84.6185 -84.6429
218 -84.6933 -84.645
219 -84.7573 -84.6622
220 -84.8093 -84.7232
221 -84.8484 -84.8245
222 -84.874 -84.9301
223 -84.8861 -84.9902
224 -84.8849 -84.9735
225 -84.871 -84.8899
226 -84.8455 -84.7844
227 -84.8095 -84.7065
228 -84.7645 -84.6815
229 -84.7121 -84.6983
230 -84.6538 -84.7162
231 -84.5912 -84.6898
232 -84.5258 -84.599
233 -84.4591 -84.4636
234 -84.3925 -84.3291
235 -84.3273 -84.2374
236 -84.2645 -84.2036
237 -84.2053 -84.2101
238 -84.1506 -84.2171
239 -84.1014 -84.1865
240 -84.0586 -84.1078
241 -84.0228 -84.0052
242 -83.9947 -83.9214
243 -83.9752 -83.8908
244 -83.9646 -83.9214
245 -83.9637 -83.9904
246 -83.9727 -84.0563
247 -83.9923 -84.0833
248 -84.0227 -84.0652
249 -84.0644 -84.0305
250 -84.1174 -84.0244
251 -84.1822 -84.0823
252 -84.2587 -84.2105
253 -84.3471 -84.3823
254 -84.4474 -84.5501
255 -84.5594 -84.6718
256 -84.6829 -84.7383
257 -84.8175 -84.7816
258 -84.9624 -84.8538
259 -85.117 -84.9964
260 -85.28 -85.2177
261 -85.4501 -85.4862
262 -85.6256 -85.7433
263 -85.8042 -85.9344
264 -85.9837 -86.0457
265 -86.1613 -86.1152
266 -86.3336 -86.2054
267 -86.4976 -86.3634
268 -86.6496 -86.5925
269 -86.7861 -86.8466
270 -86.904 -87.0491
271 -87.0004 -87.1387
272 -87.0729 -87.1147
273 -87.1203 -87.038
274 -87.1419 -86.9856
275 -87.1381 -87.0026
276 -87.1103 -87.0796
277 -87.0608 -87.1572
278 -86.9922 -87.1589
279 -86.908 -87.0425
280 -86.8115 -86.8332
281 -86.7065 -86.6049
282 -86.5963 -86.4312
283 -86.4841 -86.3482
284 -86.3729 -86.3419
285 -86.2651 -86.3576
286 -86.1629 -86.3275
287 -86.0681 -86.2119
288 -85.982 -86.026
289 -85.9058 -85.8289
290 -85.8403 -85.6859
291 -85.786 -85.6354
292 -85.7435 -85.6752
293 -85.7128 -85.7639
294 -85.6941 -85.8389
295 -85.6875 -85.8484
296 -85.6927 -85.7834
297 -85.7096 -85.6832
298 -85.738 -85.6098
299 -85.7777 -85.6137
300 -85.8283 -85.7123
301 -85.8895 -85.8828
302 -85.961 -86.0709
303 -86.0425 -86.2139
304 -86.1338 -86.2761
305 -86.2346 -86.2719
306 -86.3448 -86.257
307 -86.4641 -86.2948
308 -86.5927 -86.4256
309 -86.7304 -86.6506
310 -86.8775 -86.9308
311 -87.034 -87.2
312 -87.2001 -87.3964
313 -87.376 -87.5003
314 -87.5618 -87.5485
315 -87.7576 -87.6113
316 -87.9635 -87.7533
317 -88.1793 -88.0059
318 -88.4048 -88.3559
319 -88.6394 -88.7473
320 -88.8824 -89.1005
321 -89.1328 -89.3525
322 -89.3894 -89.4977
323 -89.6504 -89.5925
324 -89.9136 -89.7183
325 -90.1765 -89.9374
326 -90.4359 -90.2677
327 -90.6882 -90.6754
328 -90.9291 -91.082
329 -91.154 -91.3957
330 -91.3578 -91.5625
331 -91.5355 -91.6014
332 -91.6821 -91.5864
333 -91.7935 -91.5945
334 -91.8664 -91.6653
335 -91.8987 -91.7892
336 -91.8903 -91.9153
337 -91.8423 -91.9767
338 -91.7573 -91.9261
339 -91.6395 -91.7622
340 -91.4935 -91.5254
341 -91.3245 -91.269
342 -91.1379 -91.0327
343 -90.9386 -90.8322
344 -90.7315 -90.6622
345 -90.5207 -90.5057
346 -90.3098 -90.3446
347 -90.102 -90.167
348 -89.8998 -89.9705
349 -89.7054 -89.7604
350 -89.5206 -89.5461
351 -89.3469 -89.3386
352 -89.1853 -89.1476
353 -89.037 -88.9815
354 -88.9025 -88.8453
355 -88.7825 -88.7407
356 -88.6774 -88.6643
357 -88.5875 -88.6083
358 -88.513 -88.5621
359 -88.4539 -88.516
360 -88.4102 -88.4646
361 -88.3818 -88.4098
362 -88.3687 -88.3601
363 -88.3704 -88.3278
364 -88.3869 -88.3243
365 -88.4177 -88.3562
366 -88.4624 -88.4228
367 -88.5205 -88.5163
368 -88.5917 -88.6242
369 -88.6753 -88.7331
370 -88.7707 -88.8341
371 -88.8773 -88.9253
372 -88.9944 -89.0123
373 -89.1213 -89.1051
374 -89.2573 -89.2144
375 -89.4017 -89.3469
376 -89.5538 -89.504
377 -89.7129 -89.6813
378 -89.8785 -89.8709
379 -90.05 -90.0641
380 -90.2271 -90.2549
381 -90.4095 -90.4412
382 -90.597 -90.6252
383 -90.7898 -90.8116
384 -90.9879 -91.0049
385 -91.1918 -91.2075
386 -91.4019 -91.4186
387 -91.619 -91.6354
388 -91.8437 -91.8545
389 -92.077 -92.0743
390 -92.3201 -92.2962
391 -92.5738 -92.5254
392 -92.8395 -92.7692
393 -93.1183 -93.0356
394 -93.4112 -93.3307
395 -93.7193 -93.6575
396 -94.0434 -94.0149
397 -94.3841 -94.3982
398 -94.7414 -94.7997
399 -95.115 -95.2113
400 -95.5039 -95.6253
401 -95.906 -96.0365
402 -96.318 -96.4419
403 -96.735 -96.8401
404 -97.1501 -97.2289
405 -97.5541 -97.6032
406 -97.9352 -97.9531
407 -98.279 -98.264
408 -98.5695 -98.5181
409 -98.7905 -98.6975
410 -98.9278 -98.7896
411 -98.9717 -98.7898
412 -98.9188 -98.7029
413 -98.7735 -98.5407
414 -98.546 -98.3188
415 -98.2512 -98.0525
416 -97.9055 -97.755
417 -97.5248 -97.4362
418 -97.1233 -97.1038
419 -96.7126 -96.7629
420 -96.3019 -96.4178
421 -95.8977 -96.0717
422 -95.5051 -95.7273
423 -95.1274 -95.3869
424 -94.7668 -95.0522
425 -94.4245 -94.7244
426 -94.1012 -94.4044
427 -93.7973 -94.0926
428 -93.5126 -93.7895
429 -93.2468 -93.4956
430 -92.9995 -93.2114
431 -92.7703 -92.938
432 -92.5584 -92.6765
433 -92.3635 -92.4282
434 -92.1847 -92.1948
435 -92.0216 -91.9774
436 -91.8735 -91.7775
437 -91.7398 -91.5959
438 -91.6199 -91.4333
439 -91.5132 -91.2899
440 -91.4191 -91.1655
441 -91.3372 -91.0596
442 -91.2669 -90.9711
443 -91.2078 -90.8989
444 -91.1596 -90.8416
445 -91.1217 -90.7973
446 -91.0939 -90.7645
447 -91.0757 -90.7415
448 -91.067 -90.7268
449 -91.0674 -90.719
450 -91.0765 -90.7173
451 -91.0942 -90.7208
452 -91.1202 -90.7295
453 -91.1541 -90.7434
454 -91.1958 -90.7629
455 -91.245 -90.789
456 -91.3013 -90.8225
457 -91.3646 -90.8648
458 -91.4344 -90.9173
459 -91.5104 -90.9816
460 -91.5923 -91.0593
461 -91.6796 -91.1519
462 -91.7719 -91.261
463 -91.8687 -91.3881
464 -91.9696 -91.5343
465 -92.0742 -91.7009
466 -92.1819 -91.889
467 -92.2923 -92.0994
468 -92.4049 -92.3328
469 -92.5194 -92.5899
470 -92.6353 -92.8709
471 -92.7524 -93.176
472 -92.8705 -93.5049
473 -92.9894 -93.857
474 -93.1091 -94.2313
475 -93.2298 -94.6264
476 -93.3517 -95.0402
477 -93.4752 -95.47
478 -93.6009 -95.9119
479 -93.7294 -96.3612
480 -93.8615 -96.8119
481 -93.9979 -97.2565
482 -94.1396 -97.6862
483 -94.2877 -98.091
484 -94.4432 -98.4603
485 -94.6073 -98.784
486 -94.7814 -99.0532
487 -94.9666 -99.2615
488 -95.1645 -99.4059
489 -95.3763 -99.4869
490 -95.6035 -99.5089
491 -95.8476 -99.479
492 -96.1099 -99.4063
493 -96.392 -99.3006
494 -96.6956 -99.1715
495 -97.0221 -99.0281
496 -97.3736 -98.8781
497 -97.7517 -98.7279
498 -98.1586 -98.5825
499 -98.5963 -98.4456
500 -99.0667 -98.32
501 -99.572 -98.2072
502 -100.114 -98.1083
503 -100.695 -98.0236
504 -101.315 -97.953
505 -101.976 -97.8962
506 -102.676 -97.8524
507 -103.412 -97.8208
508 -104.174 -97.7999
509 -104.947 -97.7883
510 -105.703 -97.7842
511 -106.4 -97.7858
512 -106.98 -97.7911
513 -107.38 -97.7986
514 -107.546 -97.8067
515 -107.463 -97.8143
516 -107.155 -97.8206
517 -106.679 -97.8248
518 -106.097 -97.8267
519 -105.464 -97.826
520 -104.818 -97.8227
521 -104.182 -97.8174
522 -103.569 -97.8105
523 -102.988 -97.8029
524 -102.441 -97.7955
525 -101.929 -97.7893
526 -101.451 -97.7851
527 -101.005 -97.7834
528 -100.589 -97.7846
529 -100.201 -97.789
530 -99.8388 -97.7967
531 -99.5 -97.8075
532 -99.1826 -97.8213
533 -98.885 -97.8376
534 -98.6057 -97.8557
535 -98.3436 -97.875
536 -98.0978 -97.8943
537 -97.8675 -97.9128
538 -97.6519 -97.9296
539 -97.4501 -97.9438
540 -97.2614 -97.955
541 -97.085 -97.9626
542 -96.9204 -97.9666
543 -96.7669 -97.9669
544 -96.6242 -97.9634
545 -96.4922 -97.9564
546 -96.3704 -97.9461
547 -96.2588 -97.9328
548 -96.1568 -97.9172
549 -96.0642 -97.9
550 -95.9802 -97.8821
551 -95.9043 -97.8644
552 -95.8357 -97.8481
553 -95.774 -97.8342
554 -95.7187 -97.8234
555 -95.6696 -97.8166
556 -95.6264 -97.8142
557 -95.589 -97.8163
558 -95.5571 -97.8226
559 -95.5303 -97.833
560 -95.5081 -97.8468
561 -95.4898 -97.8635
562 -95.4748 -97.8828
563 -95.4627 -97.9041
564 -95.4531 -97.9272
565 -95.4461 -97.9519
566 -95.4418 -97.9778
567 -95.4405 -98.0047
568 -95.4423 -98.032
569 -95.4472 -98.059
570 -95.4545 -98.0852
571 -95.4634 -98.1098
572 -95.4726 -98.1322
573 -95.4805 -98.1516
574 -95.4859 -98.1675
575 -95.4877 -98.1795
576 -95.4856 -98.1871
577 -95.4795 -98.1899
578 -95.47 -98.1878
579 -95.4576 -98.1805
580 -95.4431 -98.1681
581 -95.4269 -98.1508
582 -95.4092 -98.1285
583 -95.3897 -98.1014
584 -95.3682 -98.0694
585 -95.3444 -98.0324
586 -95.3181 -97.9901
587 -95.2896 -97.9422
588 -95.2596 -97.8886
589 -95.2287 -97.8296
590 -95.1978 -97.7657
591 -95.1674 -97.6975
592 -95.1377 -97.6257
593 -95.1085 -97.5509
594 -95.0794 -97.4734
595 -95.0498 -97.3937
596 -95.0193 -97.3118
597 -94.9879 -97.2281
598 -94.9565 -97.1435
599 -94.9261 -97.0591
600 -94.8985 -96.9765
601 -94.8757 -96.8979
602 -94.8596 -96.8256
603 -94.8516 -96.7614
604 -94.8526 -96.707
605 -94.863 -96.6629
606 -94.8823 -96.6292
607 -94.9098 -96.6053
608 -94.9445 -96.5907
609 -94.9857 -96.5844
610 -95.0329 -96.5864
611 -95.0862 -96.5967
612 -95.1461 -96.6162
613 -95.2134 -96.646
614 -95.289 -96.6877
615 -95.3737 -96.7427
616 -95.4682 -96.8122
617 -95.5727 -96.8972
618 -95.687 -96.9982
619 -95.8108 -97.1151
620 -95.9438 -97.2481
621 -96.0859 -97.397
622 -96.2369 -97.5622
623 -96.3971 -97.7439
624 -96.5668 -97.9429
625 -96.7463 -98.1599
626 -96.9359 -98.3957
627 -97.1355 -98.651
628 -97.3446 -98.9262
629 -97.5623 -99.2211
630 -97.7875 -99.5352
631 -98.0187 -99.8676
632 -98.2544 -100.217
633 -98.4935 -100.582
634 -98.7355 -100.962
635 -98.9805 -101.356
636 -99.2292 -101.764
637 -99.4827 -102.188
638 -99.7424 -102.628
639 -100.009 -103.084
640 -100.284 -103.557
641 -100.566 -104.045
642 -100.855 -104.545
643 -101.149 -105.053
644 -101.447 -105.563
645 -101.746 -106.065
646 -102.047 -106.551
647 -102.347 -107.013
648 -102.647 -107.444
649 -102.949 -107.839
650 -103.255 -108.196
651 -103.566 -108.516
652 -103.884 -108.798
653 -104.211 -109.043
654 -104.548 -109.255
655 -104.893 -109.436
656 -105.248 -109.589
657 -105.612 -109.718
658 -105.983 -109.829
659 -106.362 -109.926
660 -106.749 -110.014
661 -107.143 -110.1
662 -107.544 -110.19
663 -107.95 -110.291
664 -108.361 -110.408
665 -108.772 -110.545
666 -109.181 -110.703
667 -109.582 -110.886
668 -109.971 -111.095
669 -110.34 -111.332
670 -110.686 -111.601
671 -111.002 -111.908
672 -111.283 -112.258
673 -111.527 -112.655
674 -111.73 -113.107
675 -111.888 -113.617
676 -112 -114.195
677 -112.064 -114.848
678 -112.082 -115.587
679 -112.057 -116.426
680 -111.993 -117.382
681 -111.899 -118.478
682 -111.785 -119.751
683 -111.659 -121.255
684 -111.531 -123.077
685 -111.406 -125.352
686 -111.29 -128.225
687 -111.184 -131.331
688 -111.088 -131.832
689 -111.002 -128.863
690 -110.928 -125.717
691 -110.867 -123.189
692 -110.823 -121.167
693 -110.795 -119.502
694 -110.783 -118.092
695 -110.787 -116.873
696 -110.804 -115.804
697 -110.836 -114.859
698 -110.885 -114.019
699 -110.953 -113.266
700 -111.042 -112.584
701 -111.149 -111.96
702 -111.268 -111.384
703 -111.394 -110.852
704 -111.523 -110.362
705 -111.659 -109.914
706 -111.805 -109.504
707 -111.96 -109.125
708 -112.118 -108.769
709 -112.264 -108.433
710 -112.387 -108.116
711 -112.482 -107.821
712 -112.552 -107.551
713 -112.598 -107.303
714 -112.615 -107.074
715 -112.587 -106.855
716 -112.501 -106.645
717 -112.349 -106.442
718 -112.138 -106.248
719 -111.88 -106.067
720 -111.582 -105.898
721 -111.245 -105.738
722 -110.87 -105.583
723 -110.463 -105.432
724 -110.035 -105.286
725 -109.596 -105.147
726 -109.15 -105.011
727 -108.698 -104.878
728 -108.241 -104.743
729 -107.784 -104.607
730 -107.336 -104.472
731 -106.901 -104.342
732 -106.483 -104.216
733 -106.076 -104.09
734 -105.675 -103.96
735 -105.278 -103.823
736 -104.89 -103.681
737 -104.518 -103.539
738 -104.166 -103.405
739 -103.836 -103.277
740 -103.519 -103.15
741 -103.209 -103.019
742 -102.904 -102.879
743 -102.607 -102.734
744 -102.325 -102.591
745 -102.062 -102.457
746 -101.817 -102.329
747 -101.581 -102.203
748 -101.35 -102.07
749 -101.123 -101.931
750 -100.907 -101.792
751 -100.707 -101.663
752 -100.528 -101.549
753 -100.365 -101.447
754 -100.211 -101.349
755 -100.06 -101.248
756 -99.9105 -101.143
757 -99.7684 -101.04
758 -99.6406 -100.948
759 -99.5305 -100.871
760 -99.4353 -100.807
761 -99.3481 -100.748
762 -99.2626 -100.689
763 -99.1775 -100.628
764 -99.0969 -100.57
765 -99.0266 -100.52
766 -98.9699 -100.482
767 -98.9243 -100.45
768 -98.8838 -100.419
769 -98.8429 -100.382
770 -98.8009 -100.342
771 -98.7617 -100.305
772 -98.7311 -100.279
773 -98.7122 -100.267
774 -98.7032 -100.265
775 -98.6989 -100.265
776 -98.6948 -100.26
777 -98.6898 -100.25
778 -98.6865 -100.238
779 -98.687 -100.227
780 -98.6898 -100.217
781 -98.6892 -100.201
782 -98.6786 -100.172
783 -98.6563 -100.129
784 -98.6281 -100.08
785 -98.6048 -100.034
786 -98.5957 -100
787 -98.6028 -99.9764
788 -98.6192 -99.9524
789 -98.633 -99.9164
790 -98.6353 -99.8632
791 -98.6263 -99.799
792 -98.6153 -99.7378
793 -98.6155 -99.6934
794 -98.6365 -99.6715
795 -98.6795 -99.6679
796 -98.7382 -99.6719
797 -98.803 -99.6734
798 -98.8661 -99.6682
799 -98.9244 -99.6576
800 -98.9772 -99.6439
801 -99.0236 -99.6268
802 -99.0603 -99.6021
803 -99.0841 -99.5663
804 -99.0958 -99.5215
805 -99.1019 -99.476
806 -99.1131 -99.4405
807 -99.1377 -99.4213
808 -99.1764 -99.4163
809 -99.2217 -99.4164
810 -99.2625 -99.4115
811 -99.2917 -99.3983
812 -99.3115 -99.3822
813 -99.3326 -99.3743
814 -99.367 -99.3832
815 -99.4211 -99.4108
816 -99.4926 -99.4516
817 -99.5738 -99.498
818 -99.6576 -99.5461
819 -99.742 -99.5973
820 -99.8295 -99.6555
821 -99.9214 -99.7206
822 -100.014 -99.7864
823 -100.098 -99.8433
824 -100.167 -99.8859
825 -100.221 -99.9188
826 -100.273 -99.955
827 -100.337 -100.008
828 -100.422 -100.084
829 -100.525 -100.176
830 -100.635 -100.271
831 -100.737 -100.36
832 -100.83 -100.442
833 -100.922 -100.528
834 -101.025 -100.628
835 -101.147 -100.745
836 -101.283 -100.87
837 -101.419 -100.989
838 -101.543 -101.096
839 -101.658 -101.197
840 -101.777 -101.306
841 -101.915 -101.437
842 -102.075 -101.584
843 -102.243 -101.731
844 -102.396 -101.856
845 -102.519 -101.953
846 -102.623 -102.036
847 -102.73 -102.129
848 -102.866 -102.251
849 -103.032 -102.395
850 -103.207 -102.538
851 -103.361 -102.654
852 -103.478 -102.737
853 -103.576 -102.808
854 -103.685 -102.898
855 -103.831 -103.023
856 -104.006 -103.167
857 -104.171 -103.293
858 -104.287 -103.371
859 -104.344 -103.401
860 -104.376 -103.421
861 -104.435 -103.474
862 -104.546 -103.574
863 -104.687 -103.697
864 -104.804 -103.793
865 -104.846 -103.826
866 -104.817 -103.805
867 -104.77 -103.782
868 -104.768 -103.805
869 -104.828 -103.884
870 -104.912 -103.979
871 -104.946 -104.03
872 -104.888 -104.005
873 -104.765 -103.933
874 -104.656 -103.882
875 -104.623 -103.904
876 -104.666 -103.992
877 -104.714 -104.082
878 -104.676 -104.092
879 -104.521 -103.998
880 -104.315 -103.863
881 -104.168 -103.788
882 -104.149 -103.835
883 -104.233 -103.978
884 -104.303 -104.104
885 -104.216 -104.078
886 -103.937 -103.87
887 -103.591 -103.601
888 -103.373 -103.459
889 -103.461 -103.62
890 -104.032 -104.26
