0 0 0
1 -14.9495 -14.8803
2 -28.6548 -28.4984
3 -40.6058 -40.3836
4 -50.4413 -50.2171
5 -58.2174 -58.0586
6 -64.3329 -64.2845
7 -69.2476 -69.335
8 -73.3125 -73.5424
9 -76.7589 -77.1195
10 -79.7489 -80.2144
11 -82.4157 -82.9554
12 -84.8822 -85.4668
13 -87.264 -87.8658
14 -89.6694 -90.2592
15 -92.1987 -92.7476
16 -94.9377 -95.437
17 -97.9131 -98.4459
18 -100.903 -101.861
19 -103.024 -105.362
20 -103.294 -107.135
21 -102.398 -106.037
22 -101.423 -104.239
23 -100.755 -102.86
24 -100.446 -101.992
25 -100.471 -101.559
26 -100.802 -101.491
27 -101.417 -101.738
28 -102.295 -102.267
29 -103.406 -103.051
30 -104.674 -104.06
31 -105.92 -105.233
32 -106.815 -106.45
33 -107.011 -107.49
34 -106.49 -108.054
35 -105.578 -107.956
36 -104.599 -107.304
37 -103.722 -106.375
38 -103.003 -105.407
39 -102.448 -104.537
40 -102.044 -103.826
41 -101.769 -103.3
42 -101.598 -102.956
43 -101.503 -102.775
44 -101.456 -102.721
45 -101.426 -102.744
46 -101.386 -102.782
47 -101.312 -102.774
48 -101.187 -102.671
49 -101.004 -102.451
50 -100.766 -102.124
51 -100.484 -101.724
52 -100.171 -101.297
53 -99.8443 -100.888
54 -99.5161 -100.531
55 -99.197 -100.242
56 -98.8938 -100.019
57 -98.61 -99.8408
58 -98.3466 -99.673
59 -98.1026 -99.4798
60 -97.8754 -99.2391
61 -97.6616 -98.9529
62 -97.4573 -98.6471
63 -97.2586 -98.3586
64 -97.0618 -98.1215
65 -96.864 -97.9561
66 -96.6627 -97.8646
67 -96.4565 -97.8297
68 -96.2445 -97.818
69 -96.0267 -97.7866
70 -95.8036 -97.6963
71 -95.5758 -97.5264
72 -95.3447 -97.2832
73 -95.1112 -96.9965
74 -94.8764 -96.7054
75 -94.6412 -96.4441
76 -94.4064 -96.2315
77 -94.1724 -96.0678
78 -93.9395 -95.9357
79 -93.7078 -95.8057
80 -93.4772 -95.6466
81 -93.2475 -95.4378
82 -93.0184 -95.178
83 -92.7895 -94.885
84 -92.5605 -94.5863
85 -92.3312 -94.3075
86 -92.1013 -94.0633
87 -91.8707 -93.8544
88 -91.6394 -93.6691
89 -91.4074 -93.4886
90 -91.175 -93.2943
91 -90.9425 -93.0755
92 -90.7103 -92.8321
93 -90.4788 -92.5737
94 -90.2488 -92.3135
95 -90.0207 -92.0629
96 -89.7952 -91.8273
97 -89.5731 -91.6059
98 -89.3549 -91.3944
99 -89.1413 -91.1878
100 -88.933 -90.9841
101 -88.7304 -90.7847
102 -88.5341 -90.593
103 -88.3445 -90.4114
104 -88.162 -90.2393
105 -87.987 -90.0726
106 -87.8195 -89.906
107 -87.6598 -89.7359
108 -87.508 -89.5642
109 -87.364 -89.3983
110 -87.2278 -89.2488
111 -87.0993 -89.1244
112 -86.9782 -89.028
113 -86.8643 -88.9535
114 -86.7573 -88.8872
115 -86.6569 -88.8126
116 -86.5626 -88.7178
117 -86.474 -88.6019
118 -86.3905 -88.4762
119 -86.3118 -88.3595
120 -86.2371 -88.2698
121 -86.1661 -88.2157
122 -86.098 -88.1925
123 -86.0322 -88.1825
124 -85.9683 -88.1615
125 -85.9056 -88.1095
126 -85.8434 -88.021
127 -85.7814 -87.9081
128 -85.7188 -87.7944
129 -85.6554 -87.7034
130 -85.5905 -87.6476
131 -85.5239 -87.623
132 -85.4552 -87.6107
133 -85.3842 -87.5845
134 -85.3107 -87.5238
135 -85.2347 -87.4242
136 -85.1561 -87.2998
137 -85.0751 -87.175
138 -84.9918 -87.072
139 -84.9066 -87.0008
140 -84.8198 -86.9554
141 -84.7317 -86.9177
142 -84.6429 -86.8667
143 -84.5539 -86.7895
144 -84.4654 -86.6879
145 -84.3779 -86.5768
146 -84.292 -86.475
147 -84.2085 -86.3957
148 -84.1279 -86.3405
149 -84.051 -86.3002
150 -83.9784 -86.2612
151 -83.9107 -86.2135
152 -83.8486 -86.1568
153 -83.7925 -86.1002
154 -83.743 -86.0564
155 -83.7006 -86.0333
156 -83.6655 -86.03
157 -83.6383 -86.0367
158 -83.619 -86.0411
159 -83.6079 -86.0367
160 -83.605 -86.0282
161 -83.6102 -86.0296
162 -83.6233 -86.0563
163 -83.6441 -86.1161
164 -83.6721 -86.203
165 -83.7066 -86.2981
166 -83.747 -86.3783
167 -83.7923 -86.4297
168 -83.8414 -86.4569
169 -83.8933 -86.4819
170 -83.9464 -86.5319
171 -83.9995 -86.6237
172 -84.051 -86.7536
173 -84.0994 -86.8956
174 -84.1431 -87.0125
175 -84.1806 -87.0752
176 -84.2107 -87.0815
177 -84.2319 -87.0579
178 -84.2435 -87.043
179 -84.2448 -87.065
180 -84.2352 -87.1264
181 -84.2149 -87.202
182 -84.1841 -87.2513
183 -84.1435 -87.2418
184 -84.094 -87.1699
185 -84.0369 -87.0636
186 -83.9735 -86.9634
187 -83.9056 -86.8995
188 -83.8348 -86.8764
189 -83.7629 -86.8733
190 -83.6917 -86.8573
191 -83.6227 -86.8045
192 -83.5578 -86.7158
193 -83.4982 -86.6164
194 -83.4455 -86.5396
195 -83.4007 -86.5069
196 -83.3648 -86.5173
197 -83.3387 -86.5486
198 -83.323 -86.5711
199 -83.3181 -86.5668
200 -83.3244 -86.5423
201 -83.3419 -86.5254
202 -83.3705 -86.548
203 -83.4101 -86.627
204 -83.4602 -86.7534
205 -83.5204 -86.8952
206 -83.5898 -87.013
207 -83.6678 -87.0856
208 -83.7532 -87.125
209 -83.8449 -87.1713
210 -83.9415 -87.2672
211 -84.0417 -87.4336
212 -84.1438 -87.6552
213 -84.246 -87.8832
214 -84.3465 -88.0579
215 -84.4433 -88.1464
216 -84.5347 -88.1673
217 -84.6185 -88.1783
218 -84.6933 -88.2382
219 -84.7573 -88.3714
220 -84.8093 -88.5533
221 -84.8484 -88.7183
222 -84.874 -88.7952
223 -84.8861 -88.7561
224 -84.8849 -88.6386
225 -84.871 -88.517
226 -84.8455 -88.4525
227 -84.8095 -88.4604
228 -84.7645 -88.5044
229 -84.7121 -88.5176
230 -84.6538 -88.4441
231 -84.5912 -88.2805
232 -84.5258 -88.0783
233 -84.4591 -87.9068
234 -84.3925 -87.8112
235 -84.3273 -87.791
236 -84.2645 -87.8027
237 -84.2053 -87.7832
238 -84.1506 -87.6897
239 -84.1014 -87.5304
240 -84.0586 -87.3593
241 -84.0228 -87.2399
242 -83.9947 -87.2098
243 -83.9752 -87.2634
244 -83.9646 -87.3538
245 -83.9637 -87.4152
246 -83.9727 -87.4019
247 -83.9923 -87.3205
248 -84.0227 -87.2264
249 -84.0644 -87.1877
250 -84.1174 -87.2483
251 -84.1822 -87.4076
252 -84.2587 -87.6192
253 -84.3471 -87.81
254 -84.4474 -87.9203
255 -84.5594 -87.9458
256 -84.6829 -87.9427
257 -84.8175 -87.9901
258 -84.9624 -88.145
259 -85.117 -88.415
260 -85.28 -88.751
261 -85.4501 -89.0638
262 -85.6256 -89.2708
263 -85.8042 -89.3561
264 -85.9837 -89.3862
265 -86.1613 -89.4619
266 -86.3336 -89.656
267 -86.4976 -89.9756
268 -86.6496 -90.3509
269 -86.7861 -90.6555
270 -86.904 -90.7786
271 -87.0004 -90.7156
272 -87.0729 -90.5751
273 -87.1203 -90.4917
274 -87.1419 -90.5442
275 -87.1381 -90.7223
276 -87.1103 -90.9271
277 -87.0608 -91.0124
278 -86.9922 -90.8814
279 -86.908 -90.5712
280 -86.8115 -90.2194
281 -86.7065 -89.9605
282 -86.5963 -89.8604
283 -86.4841 -89.9026
284 -86.3729 -89.998
285 -86.2651 -90.0215
286 -86.1629 -89.8848
287 -86.0681 -89.6024
288 -85.982 -89.2776
289 -85.9058 -89.0266
290 -85.8403 -88.92
291 -85.786 -88.964
292 -85.7435 -89.1023
293 -85.7128 -89.2352
294 -85.6941 -89.2646
295 -85.6875 -89.1556
296 -85.6927 -88.9606
297 -85.7096 -88.7794
298 -85.738 -88.6989
299 -85.7777 -88.7587
300 -85.8283 -88.9426
301 -85.8895 -89.1836
302 -85.961 -89.3868
303 -86.0425 -89.4756
304 -86.1338 -89.4406
305 -86.2346 -89.3452
306 -86.3448 -89.281
307 -86.4641 -89.3198
308 -86.5927 -89.4891
309 -86.7304 -89.767
310 -86.8775 -90.0893
311 -87.034 -90.3705
312 -87.2001 -90.5444
313 -87.376 -90.6043
314 -87.5618 -90.6053
315 -87.7576 -90.6287
316 -87.9635 -90.741
317 -88.1793 -90.9727
318 -88.4048 -91.3138
319 -88.6394 -91.7173
320 -88.8824 -92.1112
321 -89.1328 -92.4261
322 -89.3894 -92.6296
323 -89.6504 -92.7451
324 -89.9136 -92.8366
325 -90.1765 -92.9745
326 -90.4359 -93.2085
327 -90.6882 -93.5538
328 -90.9291 -93.9865
329 -91.154 -94.4436
330 -91.3578 -94.8369
331 -91.5355 -95.0887
332 -91.6821 -95.1787
333 -91.7935 -95.1578
334 -91.8664 -95.1145
335 -91.8987 -95.1258
336 -91.8903 -95.2268
337 -91.8423 -95.4012
338 -91.7573 -95.5856
339 -91.6395 -95.6909
340 -91.4935 -95.6476
341 -91.3245 -95.4488
342 -91.1379 -95.1528
343 -90.9386 -94.8412
344 -90.7315 -94.5765
345 -90.5207 -94.3838
346 -90.3098 -94.2528
347 -90.102 -94.1508
348 -89.8998 -94.0399
349 -89.7054 -93.8946
350 -89.5206 -93.7118
351 -89.3469 -93.5073
352 -89.1853 -93.3036
353 -89.037 -93.118
354 -88.9025 -92.9576
355 -88.7825 -92.8209
356 -88.6774 -92.7031
357 -88.5875 -92.6017
358 -88.513 -92.5188
359 -88.4539 -92.4592
360 -88.4102 -92.426
361 -88.3818 -92.4171
362 -88.3687 -92.4238
363 -88.3704 -92.4338
364 -88.3869 -92.4369
365 -88.4177 -92.4304
366 -88.4624 -92.4215
367 -88.5205 -92.4245
368 -88.5917 -92.4544
369 -88.6753 -92.5208
370 -88.7707 -92.6234
371 -88.8773 -92.7516
372 -88.9944 -92.8885
373 -89.1213 -93.0168
374 -89.2573 -93.1264
375 -89.4017 -93.2184
376 -89.5538 -93.3036
377 -89.7129 -93.3967
378 -89.8785 -93.5096
379 -90.05 -93.6462
380 -90.2271 -93.8021
381 -90.4095 -93.9665
382 -90.597 -94.1283
383 -90.7898 -94.2815
384 -90.9879 -94.4284
385 -91.1918 -94.5785
386 -91.4019 -94.7444
387 -91.619 -94.9361
388 -91.8437 -95.1565
389 -92.077 -95.3999
390 -92.3201 -95.6537
391 -92.5738 -95.9026
392 -92.8395 -96.1353
393 -93.1183 -96.3488
394 -93.4112 -96.55
395 -93.7193 -96.7533
396 -94.0434 -96.9749
397 -94.3841 -97.2279
398 -94.7414 -97.5184
399 -95.115 -97.845
400 -95.5039 -98.2006
401 -95.906 -98.575
402 -96.318 -98.9602
403 -96.735 -99.353
404 -97.1501 -99.7576
405 -97.5541 -100.183
406 -97.9352 -100.642
407 -98.279 -101.142
408 -98.5695 -101.686
409 -98.7905 -102.264
410 -98.9278 -102.856
411 -98.9717 -103.426
412 -98.9188 -103.929
413 -98.7735 -104.317
414 -98.546 -104.551
415 -98.2512 -104.612
416 -97.9055 -104.501
417 -97.5248 -104.235
418 -97.1233 -103.844
419 -96.7126 -103.359
420 -96.3019 -102.81
421 -95.8977 -102.228
422 -95.5051 -101.635
423 -95.1274 -101.052
424 -94.7668 -100.495
425 -94.4245 -99.9715
426 -94.1012 -99.4884
427 -93.7973 -99.0473
428 -93.5126 -98.6476
429 -93.2468 -98.2875
430 -92.9995 -97.9642
431 -92.7703 -97.6749
432 -92.5584 -97.417
433 -92.3635 -97.1885
434 -92.1847 -96.9877
435 -92.0216 -96.8134
436 -91.8735 -96.6646
437 -91.7398 -96.5402
438 -91.6199 -96.4389
439 -91.5132 -96.359
440 -91.4191 -96.2985
441 -91.3372 -96.255
442 -91.2669 -96.2257
443 -91.2078 -96.2077
444 -91.1596 -96.198
445 -91.1217 -96.1942
446 -91.0939 -96.194
447 -91.0757 -96.1961
448 -91.067 -96.1997
449 -91.0674 -96.2049
450 -91.0765 -96.2123
451 -91.0942 -96.2231
452 -91.1202 -96.2388
453 -91.1541 -96.2611
454 -91.1958 -96.2914
455 -91.245 -96.3312
456 -91.3013 -96.3815
457 -91.3646 -96.4429
458 -91.4344 -96.5159
459 -91.5104 -96.6003
460 -91.5923 -96.6959
461 -91.6796 -96.8021
462 -91.7719 -96.9182
463 -91.8687 -97.0436
464 -91.9696 -97.1776
465 -92.0742 -97.3198
466 -92.1819 -97.47
467 -92.2923 -97.6283
468 -92.4049 -97.7951
469 -92.5194 -97.9712
470 -92.6353 -98.1577
471 -92.7524 -98.356
472 -92.8705 -98.5679
473 -92.9894 -98.7953
474 -93.1091 -99.0399
475 -93.2298 -99.3035
476 -93.3517 -99.5878
477 -93.4752 -99.894
478 -93.6009 -100.223
479 -93.7294 -100.575
480 -93.8615 -100.949
481 -93.9979 -101.344
482 -94.1396 -101.758
483 -94.2877 -102.185
484 -94.4432 -102.619
485 -94.6073 -103.052
486 -94.7814 -103.472
487 -94.9666 -103.866
488 -95.1645 -104.218
489 -95.3763 -104.514
490 -95.6035 -104.74
491 -95.8476 -104.887
492 -96.1099 -104.951
493 -96.392 -104.933
494 -96.6956 -104.841
495 -97.0221 -104.686
496 -97.3736 -104.482
497 -97.7517 -104.243
498 -98.1586 -103.98
499 -98.5963 -103.705
500 -99.0667 -103.424
501 -99.572 -103.144
502 -100.114 -102.869
503 -100.695 -102.602
504 -101.315 -102.344
505 -101.976 -102.097
506 -102.676 -101.863
507 -103.412 -101.64
508 -104.174 -101.431
509 -104.947 -101.233
510 -105.703 -101.048
511 -106.4 -100.874
512 -106.98 -100.712
513 -107.38 -100.562
514 -107.546 -100.424
515 -107.463 -100.299
516 -107.155 -100.187
517 -106.679 -100.089
518 -106.097 -100.005
519 -105.464 -99.9359
520 -104.818 -99.8805
521 -104.182 -99.8392
522 -103.569 -99.8118
523 -102.988 -99.7983
524 -102.441 -99.7989
525 -101.929 -99.8136
526 -101.451 -99.8423
527 -101.005 -99.8848
528 -100.589 -99.9404
529 -100.201 -100.008
530 -99.8388 -100.087
531 -99.5 -100.175
532 -99.1826 -100.271
533 -98.885 -100.374
534 -98.6057 -100.482
535 -98.3436 -100.594
536 -98.0978 -100.709
537 -97.8675 -100.825
538 -97.6519 -100.941
539 -97.4501 -101.055
540 -97.2614 -101.166
541 -97.085 -101.273
542 -96.9204 -101.375
543 -96.7669 -101.473
544 -96.6242 -101.566
545 -96.4922 -101.654
546 -96.3704 -101.739
547 -96.2588 -101.821
548 -96.1568 -101.9
549 -96.0642 -101.977
550 -95.9802 -102.052
551 -95.9043 -102.129
552 -95.8357 -102.207
553 -95.774 -102.29
554 -95.7187 -102.38
555 -95.6696 -102.479
556 -95.6264 -102.589
557 -95.589 -102.711
558 -95.5571 -102.845
559 -95.5303 -102.991
560 -95.5081 -103.15
561 -95.4898 -103.32
562 -95.4748 -103.503
563 -95.4627 -103.698
564 -95.4531 -103.905
565 -95.4461 -104.125
566 -95.4418 -104.357
567 -95.4405 -104.598
568 -95.4423 -104.848
569 -95.4472 -105.102
570 -95.4545 -105.358
571 -95.4634 -105.609
572 -95.4726 -105.853
573 -95.4805 -106.084
574 -95.4859 -106.297
575 -95.4877 -106.489
576 -95.4856 -106.655
577 -95.4795 -106.789
578 -95.47 -106.888
579 -95.4576 -106.948
580 -95.4431 -106.968
581 -95.4269 -106.947
582 -95.4092 -106.889
583 -95.3897 -106.797
584 -95.3682 -106.677
585 -95.3444 -106.534
586 -95.3181 -106.373
587 -95.2896 -106.2
588 -95.2596 -106.019
589 -95.2287 -105.833
590 -95.1978 -105.647
591 -95.1674 -105.461
592 -95.1377 -105.28
593 -95.1085 -105.103
594 -95.0794 -104.932
595 -95.0498 -104.766
596 -95.0193 -104.607
597 -94.9879 -104.452
598 -94.9565 -104.304
599 -94.9261 -104.161
600 -94.8985 -104.025
601 -94.8757 -103.897
602 -94.8596 -103.777
603 -94.8516 -103.669
604 -94.8526 -103.571
605 -94.863 -103.484
606 -94.8823 -103.408
607 -94.9098 -103.342
608 -94.9445 -103.286
609 -94.9857 -103.239
610 -95.0329 -103.2
611 -95.0862 -103.171
612 -95.1461 -103.152
613 -95.2134 -103.144
614 -95.289 -103.149
615 -95.3737 -103.168
616 -95.4682 -103.202
617 -95.5727 -103.251
618 -95.687 -103.315
619 -95.8108 -103.394
620 -95.9438 -103.489
621 -96.0859 -103.6
622 -96.2369 -103.728
623 -96.3971 -103.872
624 -96.5668 -104.036
625 -96.7463 -104.22
626 -96.9359 -104.426
627 -97.1355 -104.653
628 -97.3446 -104.905
629 -97.5623 -105.179
630 -97.7875 -105.476
631 -98.0187 -105.795
632 -98.2544 -106.136
633 -98.4935 -106.497
634 -98.7355 -106.879
635 -98.9805 -107.281
636 -99.2292 -107.705
637 -99.4827 -108.153
638 -99.7424 -108.627
639 -100.009 -109.132
640 -100.284 -109.669
641 -100.566 -110.242
642 -100.855 -110.854
643 -101.149 -111.507
644 -101.447 -112.201
645 -101.746 -112.938
646 -102.047 -113.72
647 -102.347 -114.546
648 -102.647 -115.417
649 -102.949 -116.333
650 -103.255 -117.293
651 -103.566 -118.296
652 -103.884 -119.334
653 -104.211 -120.394
654 -104.548 -121.456
655 -104.893 -122.481
656 -105.248 -123.418
657 -105.612 -124.205
658 -105.983 -124.788
659 -106.362 -125.14
660 -106.749 -125.275
661 -107.143 -125.244
662 -107.544 -125.109
663 -107.95 -124.93
664 -108.361 -124.754
665 -108.772 -124.613
666 -109.181 -124.533
667 -109.582 -124.528
668 -109.971 -124.612
669 -110.34 -124.792
670 -110.686 -125.076
671 -111.002 -125.465
672 -111.283 -125.959
673 -111.527 -126.542
674 -111.73 -127.183
675 -111.888 -127.811
676 -112 -128.305
677 -112.064 -128.502
678 -112.082 -128.263
679 -112.057 -127.572
680 -111.993 -126.545
681 -111.899 -125.343
682 -111.785 -124.089
683 -111.659 -122.856
684 -111.531 -121.677
685 -111.406 -120.566
686 -111.29 -119.524
687 -111.184 -118.55
688 -111.088 -117.643
689 -111.002 -116.8
690 -110.928 -116.016
691 -110.867 -115.288
692 -110.823 -114.612
693 -110.795 -113.983
694 -110.783 -113.397
695 -110.787 -112.85
696 -110.804 -112.339
697 -110.836 -111.861
698 -110.885 -111.415
699 -110.953 -110.999
700 -111.042 -110.61
701 -111.149 -110.247
702 -111.268 -109.908
703 -111.394 -109.592
704 -111.523 -109.298
705 -111.659 -109.025
706 -111.805 -108.771
707 -111.96 -108.536
708 -112.118 -108.318
709 -112.264 -108.115
710 -112.387 -107.927
711 -112.482 -107.755
712 -112.552 -107.598
713 -112.598 -107.456
714 -112.615 -107.327
715 -112.587 -107.208
716 -112.501 -107.096
717 -112.349 -106.99
718 -112.138 -106.891
719 -111.88 -106.799
720 -111.582 -106.717
721 -111.245 -106.644
722 -110.87 -106.578
723 -110.463 -106.521
724 -110.035 -106.471
725 -109.596 -106.428
726 -109.15 -106.391
727 -108.698 -106.36
728 -108.241 -106.333
729 -107.784 -106.309
730 -107.336 -106.29
731 -106.901 -106.274
732 -106.483 -106.265
733 -106.076 -106.259
734 -105.675 -106.256
735 -105.278 -106.254
736 -104.89 -106.252
737 -104.518 -106.251
738 -104.166 -106.254
739 -103.836 -106.262
740 -103.519 -106.276
741 -103.209 -106.293
742 -102.904 -106.309
743 -102.607 -106.322
744 -102.325 -106.333
745 -102.062 -106.342
746 -101.817 -106.351
747 -101.581 -106.36
748 -101.35 -106.366
749 -101.123 -106.37
750 -100.907 -106.373
751 -100.707 -106.379
752 -100.528 -106.39
753 -100.365 -106.406
754 -100.211 -106.422
755 -100.06 -106.435
756 -99.9105 -106.442
757 -99.7684 -106.448
758 -99.6406 -106.461
759 -99.5305 -106.487
760 -99.4353 -106.526
761 -99.3481 -106.574
762 -99.2626 -106.625
763 -99.1775 -106.672
764 -99.0969 -106.716
765 -99.0266 -106.757
766 -98.9699 -106.798
767 -98.9243 -106.836
768 -98.8838 -106.866
769 -98.8429 -106.884
770 -98.8009 -106.893
771 -98.7617 -106.899
772 -98.7311 -106.913
773 -98.7122 -106.943
774 -98.7032 -106.988
775 -98.6989 -107.039
776 -98.6948 -107.083
777 -98.6898 -107.11
778 -98.6865 -107.119
779 -98.687 -107.114
780 -98.6898 -107.103
781 -98.6892 -107.089
782 -98.6786 -107.072
783 -98.6563 -107.046
784 -98.6281 -107.008
785 -98.6048 -106.955
786 -98.5957 -106.885
787 -98.6028 -106.794
788 -98.6192 -106.681
789 -98.633 -106.545
790 -98.6353 -106.392
791 -98.6263 -106.236
792 -98.6153 -106.091
793 -98.6155 -105.969
794 -98.6365 -105.872
795 -98.6795 -105.792
796 -98.7382 -105.716
797 -98.803 -105.635
798 -98.8661 -105.544
799 -98.9244 -105.447
800 -98.9772 -105.351
801 -99.0236 -105.26
802 -99.0603 -105.172
803 -99.0841 -105.086
804 -99.0958 -104.998
805 -99.1019 -104.912
806 -99.1131 -104.832
807 -99.1377 -104.761
808 -99.1764 -104.698
809 -99.2217 -104.637
810 -99.2625 -104.573
811 -99.2917 -104.503
812 -99.3115 -104.435
813 -99.3326 -104.379
814 -99.367 -104.344
815 -99.4211 -104.332
816 -99.4926 -104.341
817 -99.5738 -104.362
818 -99.6576 -104.388
819 -99.742 -104.416
820 -99.8295 -104.448
821 -99.9214 -104.483
822 -100.014 -104.522
823 -100.098 -104.559
824 -100.167 -104.592
825 -100.221 -104.623
826 -100.273 -104.66
827 -100.337 -104.712
828 -100.422 -104.783
829 -100.525 -104.869
830 -100.635 -104.961
831 -100.737 -105.048
832 -100.83 -105.128
833 -100.922 -105.211
834 -101.025 -105.308
835 -101.147 -105.425
836 -101.283 -105.56
837 -101.419 -105.701
838 -101.543 -105.835
839 -101.658 -105.962
840 -101.777 -106.093
841 -101.915 -106.241
842 -102.075 -106.411
843 -102.243 -106.594
844 -102.396 -106.766
845 -102.519 -106.912
846 -102.623 -107.034
847 -102.73 -107.154
848 -102.866 -107.301
849 -103.032 -107.483
850 -103.207 -107.685
851 -103.361 -107.871
852 -103.478 -108.014
853 -103.576 -108.117
854 -103.685 -108.217
855 -103.831 -108.354
856 -104.006 -108.538
857 -104.171 -108.741
858 -104.287 -108.907
859 -104.344 -108.996
860 -104.376 -109.023
861 -104.435 -109.045
862 -104.546 -109.122
863 -104.687 -109.266
864 -104.804 -109.435
865 -104.846 -109.554
866 -104.817 -109.577
867 -104.77 -109.532
868 -104.768 -109.498
869 -104.828 -109.537
870 -104.912 -109.646
871 -104.946 -109.75
872 -104.888 -109.76
873 -104.765 -109.655
874 -104.656 -109.514
875 -104.623 -109.453
876 -104.666 -109.531
877 -104.714 -109.696
878 -104.676 -109.795
879 -104.521 -109.691
880 -104.315 -109.416
881 -104.168 -109.165
882 -104.149 -109.135
883 -104.233 -109.395
884 -104.303 -109.792
885 -104.216 -109.933
886 -103.937 -109.495
887 -103.591 -108.705
888 -103.373 -108.14
889 -103.461 -108.372
890 -104.032 -110.352
