0 0
1 -14.8803
2 -28.4984
3 -40.3838
4 -50.2177
5 -58.0598
6 -64.2859
7 -69.3353
8 -73.5398
9 -77.1114
10 -80.1985
11 -82.93
12 -85.4313
13 -87.8215
14 -90.2107
15 -92.7055
16 -95.4234
17 -98.5072
18 -102.091
19 -105.874
20 -107.585
21 -106.02
22 -104.002
23 -102.568
24 -101.71
25 -101.308
26 -101.272
27 -101.535
28 -102.05
29 -102.782
30 -103.693
31 -104.727
32 -105.775
33 -106.647
34 -107.096
35 -106.986
36 -106.42
37 -105.638
38 -104.838
39 -104.128
40 -103.548
41 -103.102
42 -102.779
43 -102.557
44 -102.41
45 -102.308
46 -102.22
47 -102.119
48 -101.983
49 -101.797
50 -101.56
51 -101.282
52 -100.976
53 -100.663
54 -100.357
55 -100.068
56 -99.7967
57 -99.5376
58 -99.2822
59 -99.024
60 -98.7628
61 -98.5062
62 -98.2672
63 -98.0602
64 -97.8956
65 -97.7757
66 -97.6933
67 -97.6318
68 -97.5678
69 -97.4777
70 -97.344
71 -97.1622
72 -96.9419
73 -96.7029
74 -96.4673
75 -96.2527
76 -96.0662
77 -95.9035
78 -95.7498
79 -95.585
80 -95.3914
81 -95.1612
82 -94.8997
83 -94.6232
84 -94.3518
85 -94.1019
86 -93.8806
87 -93.6839
88 -93.4989
89 -93.3082
90 -93.0971
91 -92.8593
92 -92.5992
93 -92.3296
94 -92.066
95 -91.8206
96 -91.5983
97 -91.3964
98 -91.2061
99 -91.0166
100 -90.8199
101 -90.6137
102 -90.4021
103 -90.1932
104 -89.9955
105 -89.815
106 -89.653
107 -89.5069
108 -89.372
109 -89.2437
110 -89.1193
111 -88.9984
112 -88.8824
113 -88.7727
114 -88.6696
115 -88.5727
116 -88.4809
117 -88.3943
118 -88.3142
119 -88.2429
120 -88.1817
121 -88.1298
122 -88.0829
123 -88.0341
124 -87.977
125 -87.9087
126 -87.8318
127 -87.7537
128 -87.6837
129 -87.6279
130 -87.5861
131 -87.5505
132 -87.5085
133 -87.4485
134 -87.3656
135 -87.2649
136 -87.1594
137 -87.0639
138 -86.988
139 -86.9312
140 -86.8837
141 -86.8301
142 -86.7573
143 -86.6618
144 -86.5516
145 -86.4424
146 -86.3501
147 -86.2832
148 -86.2393
149 -86.2071
150 -86.1717
151 -86.1225
152 -86.0589
153 -85.9907
154 -85.9326
155 -85.8968
156 -85.8878
157 -85.9006
158 -85.9238
159 -85.9461
160 -85.9619
161 -85.9744
162 -85.9926
163 -86.0263
164 -86.08
165 -86.151
166 -86.2308
167 -86.3104
168 -86.3856
169 -86.4586
170 -86.5361
171 -86.623
172 -86.7178
173 -86.8117
174 -86.8925
175 -86.9523
176 -86.9928
177 -87.0244
178 -87.0597
179 -87.1045
180 -87.152
181 -87.1849
182 -87.1847
183 -87.1439
184 -87.0722
185 -86.992
186 -86.9265
187 -86.8867
188 -86.8664
189 -86.8454
190 -86.8018
191 -86.7257
192 -86.6269
193 -86.5297
194 -86.4599
195 -86.4314
196 -86.4404
197 -86.468
198 -86.4908
199 -86.4945
200 -86.483
201 -86.4757
202 -86.4961
203 -86.5581
204 -86.6592
205 -86.7814
206 -86.9012
207 -87.0036
208 -87.091
209 -87.1812
210 -87.2953
211 -87.4435
212 -87.6169
213 -87.7915
214 -87.9408
215 -88.0533
216 -88.1397
217 -88.2257
218 -88.3324
219 -88.4608
220 -88.5874
221 -88.6757
222 -88.6998
223 -88.6637
224 -88.6
225 -88.5479
226 -88.5288
227 -88.5336
228 -88.5282
229 -88.4743
230 -88.3569
231 -88.1958
232 -88.0336
233 -87.9089
234 -87.8362
235 -87.7997
236 -87.7637
237 -87.6942
238 -87.5812
239 -87.446
240 -87.3263
241 -87.2538
242 -87.2368
243 -87.2574
244 -87.2814
245 -87.2792
246 -87.2448
247 -87.2005
248 -87.1824
249 -87.2187
250 -87.3136
251 -87.4445
252 -87.5736
253 -87.6695
254 -87.7293
255 -87.7821
256 -87.8709
257 -88.0275
258 -88.2539
259 -88.5178
260 -88.7664
261 -88.9562
262 -89.0835
263 -89.1896
264 -89.3332
265 -89.5543
266 -89.8486
267 -90.1633
268 -90.4183
269 -90.5549
270 -90.5812
271 -90.5668
272 -90.5905
273 -90.6904
274 -90.8413
275 -90.964
276 -90.9713
277 -90.8325
278 -90.6007
279 -90.3716
280 -90.2201
281 -90.1648
282 -90.1643
283 -90.1394
284 -90.0205
285 -89.7978
286 -89.5286
287 -89.2966
288 -89.1628
289 -89.1401
290 -89.1903
291 -89.2396
292 -89.2166
293 -89.0977
294 -88.9238
295 -88.7717
296 -88.7082
297 -88.7606
298 -88.9064
299 -89.0804
300 -89.2022
301 -89.2218
302 -89.1546
303 -89.0707
304 -89.0505
305 -89.1441
306 -89.3529
307 -89.6271
308 -89.8824
309 -90.0407
310 -90.0809
311 -90.0561
312 -90.0573
313 -90.1621
314 -90.4028
315 -90.7558
316 -91.1449
317 -91.4687
318 -91.6564
319 -91.7204
320 -91.749
321 -91.8483
322 -92.0905
323 -92.489
324 -92.9919
325 -93.4887
326 -93.8538
327 -94.0266
328 -94.0619
329 -94.0861
330 -94.2149
331 -94.5023
332 -94.9254
333 -95.3838
334 -95.7274
335 -95.8381
336 -95.7205
337 -95.4925
338 -95.2891
339 -95.1899
340 -95.2015
341 -95.2694
342 -95.3037
343 -95.2239
344 -95.0045
345 -94.6866
346 -94.3437
347 -94.0399
348 -93.8079
349 -93.6482
350 -93.5385
351 -93.4465
352 -93.3428
353 -93.2115
354 -93.0534
355 -92.8818
356 -92.7151
357 -92.5694
358 -92.4558
359 -92.379
360 -92.3389
361 -92.3309
362 -92.3472
363 -92.3777
364 -92.4114
365 -92.4395
366 -92.4578
367 -92.4686
368 -92.4805
369 -92.5062
370 -92.5578
371 -92.6435
372 -92.7642
373 -92.9129
374 -93.0756
375 -93.2356
376 -93.3784
377 -93.4972
378 -93.5952
379 -93.6844
380 -93.7808
381 -93.8988
382 -94.047
383 -94.2259
384 -94.4285
385 -94.6419
386 -94.8518
387 -95.0468
388 -95.2223
389 -95.3814
390 -95.5341
391 -95.6933
392 -95.8713
393 -96.0773
394 -96.3158
395 -96.5871
396 -96.8884
397 -97.2156
398 -97.5648
399 -97.934
400 -98.3232
401 -98.7342
402 -99.1691
403 -99.6289
404 -100.112
405 -100.611
406 -101.116
407 -101.613
408 -102.083
409 -102.51
410 -102.879
411 -103.18
412 -103.408
413 -103.562
414 -103.641
415 -103.646
416 -103.576
417 -103.432
418 -103.218
419 -102.94
420 -102.611
421 -102.242
422 -101.849
423 -101.444
424 -101.036
425 -100.634
426 -100.243
427 -99.8641
428 -99.5
429 -99.1508
430 -98.8164
431 -98.4967
432 -98.192
433 -97.9027
434 -97.6294
435 -97.3729
436 -97.134
437 -96.9134
438 -96.7119
439 -96.5296
440 -96.3667
441 -96.223
442 -96.0978
443 -95.9904
444 -95.8996
445 -95.8241
446 -95.7627
447 -95.714
448 -95.6767
449 -95.65
450 -95.6328
451 -95.6249
452 -95.6261
453 -95.6364
454 -95.6565
455 -95.687
456 -95.7289
457 -95.7836
458 -95.8522
459 -95.9362
460 -96.0371
461 -96.156
462 -96.2944
463 -96.453
464 -96.6326
465 -96.8335
466 -97.0557
467 -97.2989
468 -97.562
469 -97.8436
470 -98.1417
471 -98.4536
472 -98.7758
473 -99.1041
474 -99.4336
475 -99.7588
476 -100.074
477 -100.373
478 -100.649
479 -100.898
480 -101.115
481 -101.297
482 -101.442
483 -101.552
484 -101.628
485 -101.675
486 -101.698
487 -101.702
488 -101.692
489 -101.675
490 -101.654
491 -101.635
492 -101.621
493 -101.616
494 -101.621
495 -101.64
496 -101.673
497 -101.722
498 -101.788
499 -101.87
500 -101.969
501 -102.086
502 -102.22
503 -102.371
504 -102.54
505 -102.727
506 -102.932
507 -103.154
508 -103.392
509 -103.645
510 -103.91
511 -104.186
512 -104.47
513 -104.758
514 -105.045
515 -105.327
516 -105.6
517 -105.856
518 -106.089
519 -106.294
520 -106.464
521 -106.595
522 -106.683
523 -106.727
524 -106.728
525 -106.688
526 -106.611
527 -106.502
528 -106.368
529 -106.214
530 -106.046
531 -105.867
532 -105.682
533 -105.494
534 -105.305
535 -105.117
536 -104.934
537 -104.756
538 -104.586
539 -104.424
540 -104.272
541 -104.13
542 -103.996
543 -103.872
544 -103.756
545 -103.647
546 -103.546
547 -103.452
548 -103.364
549 -103.282
550 -103.206
551 -103.137
552 -103.074
553 -103.017
554 -102.967
555 -102.923
556 -102.885
557 -102.853
558 -102.825
559 -102.801
560 -102.781
561 -102.763
562 -102.749
563 -102.736
564 -102.727
565 -102.722
566 -102.722
567 -102.727
568 -102.738
569 -102.755
570 -102.778
571 -102.806
572 -102.838
573 -102.873
574 -102.91
575 -102.949
576 -102.989
577 -103.029
578 -103.068
579 -103.106
580 -103.14
581 -103.168
582 -103.19
583 -103.202
584 -103.203
585 -103.193
586 -103.17
587 -103.135
588 -103.088
589 -103.031
590 -102.963
591 -102.886
592 -102.799
593 -102.702
594 -102.596
595 -102.48
596 -102.355
597 -102.224
598 -102.089
599 -101.954
600 -101.821
601 -101.696
602 -101.579
603 -101.474
604 -101.382
605 -101.303
606 -101.237
607 -101.185
608 -101.144
609 -101.117
610 -101.102
611 -101.102
612 -101.117
613 -101.147
614 -101.194
615 -101.258
616 -101.338
617 -101.435
618 -101.547
619 -101.675
620 -101.818
621 -101.977
622 -102.154
623 -102.349
624 -102.565
625 -102.803
626 -103.063
627 -103.346
628 -103.654
629 -103.984
630 -104.336
631 -104.71
632 -105.103
633 -105.515
634 -105.946
635 -106.397
636 -106.87
637 -107.366
638 -107.889
639 -108.44
640 -109.023
641 -109.638
642 -110.288
643 -110.973
644 -111.693
645 -112.447
646 -113.235
647 -114.057
648 -114.915
649 -115.81
650 -116.745
651 -117.72
652 -118.736
653 -119.791
654 -120.879
655 -121.991
656 -123.116
657 -124.24
658 -125.351
659 -126.432
660 -127.464
661 -128.409
662 -129.208
663 -129.779
664 -130.041
665 -129.957
666 -129.558
667 -128.925
668 -128.148
669 -127.301
670 -126.432
671 -125.566
672 -124.716
673 -123.885
674 -123.076
675 -122.289
676 -121.527
677 -120.795
678 -120.096
679 -119.434
680 -118.814
681 -118.237
682 -117.703
683 -117.21
684 -116.754
685 -116.331
686 -115.937
687 -115.568
688 -115.222
689 -114.899
690 -114.6
691 -114.323
692 -114.069
693 -113.833
694 -113.615
695 -113.412
696 -113.222
697 -113.046
698 -112.884
699 -112.735
700 -112.597
701 -112.469
702 -112.347
703 -112.231
704 -112.12
705 -112.016
706 -111.919
707 -111.828
708 -111.74
709 -111.654
710 -111.569
711 -111.485
712 -111.405
713 -111.33
714 -111.259
715 -111.189
716 -111.116
717 -111.037
718 -110.953
719 -110.866
720 -110.776
721 -110.684
722 -110.59
723 -110.492
724 -110.391
725 -110.284
726 -110.172
727 -110.053
728 -109.924
729 -109.785
730 -109.637
731 -109.481
732 -109.317
733 -109.144
734 -108.962
735 -108.77
736 -108.571
737 -108.371
738 -108.175
739 -107.984
740 -107.796
741 -107.606
742 -107.41
743 -107.21
744 -107.009
745 -106.81
746 -106.618
747 -106.43
748 -106.244
749 -106.061
750 -105.882
751 -105.711
752 -105.55
753 -105.399
754 -105.254
755 -105.113
756 -104.975
757 -104.845
758 -104.728
759 -104.63
760 -104.55
761 -104.483
762 -104.424
763 -104.368
764 -104.314
765 -104.265
766 -104.222
767 -104.186
768 -104.155
769 -104.125
770 -104.096
771 -104.072
772 -104.056
773 -104.052
774 -104.06
775 -104.076
776 -104.096
777 -104.113
778 -104.126
779 -104.136
780 -104.144
781 -104.15
782 -104.153
783 -104.152
784 -104.148
785 -104.144
786 -104.14
787 -104.136
788 -104.126
789 -104.103
790 -104.067
791 -104.02
792 -103.975
793 -103.944
794 -103.935
795 -103.952
796 -103.986
797 -104.027
798 -104.063
799 -104.088
800 -104.101
801 -104.105
802 -104.104
803 -104.102
804 -104.1
805 -104.1
806 -104.102
807 -104.107
808 -104.113
809 -104.114
810 -104.106
811 -104.089
812 -104.067
813 -104.051
814 -104.052
815 -104.077
816 -104.127
817 -104.195
818 -104.273
819 -104.354
820 -104.436
821 -104.518
822 -104.603
823 -104.687
824 -104.771
825 -104.853
826 -104.937
827 -105.031
828 -105.139
829 -105.262
830 -105.393
831 -105.523
832 -105.648
833 -105.77
834 -105.9
835 -106.048
836 -106.218
837 -106.403
838 -106.591
839 -106.777
840 -106.964
841 -107.162
842 -107.382
843 -107.622
844 -107.866
845 -108.099
846 -108.31
847 -108.514
848 -108.734
849 -108.989
850 -109.278
851 -109.573
852 -109.841
853 -110.07
854 -110.28
855 -110.513
856 -110.799
857 -111.126
858 -111.442
859 -111.686
860 -111.84
861 -111.954
862 -112.103
863 -112.333
864 -112.617
865 -112.866
866 -112.99
867 -112.989
868 -112.953
869 -112.983
870 -113.105
871 -113.244
872 -113.27
873 -113.122
874 -112.883
875 -112.708
876 -112.693
877 -112.8
878 -112.857
879 -112.687
880 -112.3
881 -111.913
882 -111.754
883 -111.906
884 -112.219
885 -112.272
886 -111.716
887 -110.786
888 -110.08
889 -110.168
