0 0
1.90524e-06 0
3.81047e-06 0
5.71571e-06 0
7.62095e-06 0
9.52618e-06 0
1.14314e-05 0
1.33367e-05 0
1.52419e-05 0
1.71471e-05 0
1.90524e-05 0
2.09576e-05 0
2.28628e-05 0
2.47681e-05 0
2.66733e-05 0
2.85785e-05 0
3.04838e-05 0
3.2389e-05 0
3.42943e-05 0
3.61995e-05 0
3.81047e-05 0
4.001e-05 0
4.19152e-05 0
4.38204e-05 0
4.57257e-05 0
4.76309e-05 0
4.95361e-05 0
5.14414e-05 0
5.33466e-05 0
5.52519e-05 0
5.71571e-05 0
5.90623e-05 0
6.09676e-05 0
6.28728e-05 0
6.4778e-05 0
6.66833e-05 0
6.85885e-05 0
7.04937e-05 0
7.2399e-05 0
7.43042e-05 0
7.62095e-05 0
7.81147e-05 0
8.00199e-05 0
8.19252e-05 0
8.38304e-05 0
8.57356e-05 0
8.76409e-05 0
8.95461e-05 0
9.14513e-05 0
9.33566e-05 0
9.52618e-05 0
9.71671e-05 0
9.90723e-05 0
0.000100978 0
0.000102883 0
0.000104788 0
0.000106693 0
0.000108598 0
0.000110504 0
0.000112409 0
0.000114314 0
0.000116219 0
0.000118125 0
0.00012003 0
0.000121935 0
0.00012384 0
0.000125746 0
0.000127651 0
0.000129556 0
0.000131461 0
0.000133367 0
0.000135272 0
0.000137177 0
0.000139082 0
0.000140987 0
0.000142893 0
0.000144798 0
0.000146703 0
0.000148608 0
0.000150514 0
0.000152419 0
0.000154324 0
0.000156229 0
0.000158135 0
0.00016004 0
0.000161945 0
0.00016385 0
0.000165756 0
0.000167661 0
0.000169566 0
0.000171471 0
0.000173377 0
0.000175282 0
0.000177187 0
0.000179092 0
0.000180997 0
0.000182903 0
0.000184808 0
0.000186713 0
0.000188618 0
0.000190524 0
0.000192429 0
0.000194334 0
0.000196239 0
0.000198145 0
0.00020005 0
0.000201955 0
0.00020386 0
0.000205766 0
0.000207671 0
0.000209576 0
0.000211481 0
0.000213386 0
0.000215292 0
0.000217197 0
0.000219102 0
0.000221007 0
0.000222913 0
0.000224818 0
0.000226723 0
0.000228628 0
0.000230534 0
0.000232439 0
0.000234344 0
0.000236249 0
0.000238155 0
0.00024006 0
0.000241965 0
0.00024387 0
0.000245775 0
0.000247681 0
0.000249586 0
0.000251491 0
0.000253396 0
0.000255302 0
0.000257207 0
0.000259112 0
0.000261017 0
0.000262923 0
0.000264828 0
0.000266733 0
0.000268638 0
0.000270544 0
0.000272449 0
0.000274354 0
0.000276259 0
0.000278165 0
0.00028007 0
0.000281975 0
0.00028388 0
0.000285785 0
0.000287691 0
0.000289596 0
0.000291501 0
0.000293406 0
0.000295312 0
0.000297217 0
0.000299122 0
0.000301027 0
0.000302933 0
0.000304838 0
0.000306743 0
0.000308648 0
0.000310554 0
0.000312459 0
0.000314364 0
0.000316269 0
0.000318174 0
0.00032008 0
0.000321985 0
0.00032389 0
0.000325795 0
0.000327701 0
0.000329606 0
0.000331511 0
0.000333416 0
0.000335322 0
0.000337227 0
0.000339132 0
0.000341037 0
0.000342943 0
0.000344848 0
0.000346753 0
0.000348658 0
0.000350563 0
0.000352469 0
0.000354374 0
0.000356279 0
0.000358184 0
0.00036009 0
0.000361995 0
0.0003639 0
0.000365805 0
0.000367711 0
0.000369616 0
0.000371521 0
0.000373426 0
0.000375332 0
0.000377237 0
0.000379142 0
0.000381047 0
0.000382953 0
0.000384858 0
0.000386763 0
0.000388668 0
0.000390573 0
0.000392479 0
0.000394384 0
0.000396289 0
0.000398194 0
0.0004001 0
0.000402005 0
0.00040391 0
0.000405815 0
0.000407721 0
0.000409626 0
0.000411531 0
0.000413436 0
0.000415342 0
0.000417247 0
0.000419152 0
0.000421057 0
0.000422962 0
0.000424868 0
0.000426773 0
0.000428678 0
0.000430583 0
0.000432489 0
0.000434394 0
0.000436299 0
0.000438204 0
0.00044011 0
0.000442015 0
0.00044392 0
0.000445825 0
0.000447731 0
0.000449636 0
0.000451541 0
0.000453446 0
0.000455351 0
0.000457257 0
0.000459162 0
0.000461067 0
0.000462972 0
0.000464878 0
0.000466783 0
0.000468688 0
0.000470593 0
0.000472499 0
0.000474404 0
0.000476309 0
0.000478214 0
0.00048012 0
0.000482025 0
0.00048393 0
0.000485835 0
0.00048774 0
0.000489646 0
0.000491551 0
0.000493456 0
0.000495361 0
0.000497267 0
0.000499172 0
0.000501077 0
0.000502982 0
0.000504888 0
0.000506793 0
0.000508698 0
0.000510603 0
0.000512509 0
0.000514414 0
0.000516319 0
0.000518224 0
0.00052013 0
0.000522035 0
0.00052394 0
0.000525845 0
0.00052775 0
0.000529656 0
0.000531561 0
0.000533466 0
0.000535371 0
0.000537277 0
0.000539182 0
0.000541087 0
0.000542992 0
0.000544898 0
0.000546803 0
0.000548708 0
0.000550613 0
0.000552519 0
0.000554424 0
0.000556329 0
0.000558234 0
0.000560139 0
0.000562045 0
0.00056395 0
0.000565855 0
0.00056776 0
0.000569666 0
0.000571571 0
0.000573476 0
0.000575381 0
0.000577287 0
0.000579192 0
0.000581097 0
0.000583002 0
0.000584908 0
0.000586813 0
0.000588718 0
0.000590623 0
0.000592528 0
0.000594434 0
0.000596339 0
0.000598244 0
0.000600149 0
0.000602055 0
0.00060396 0
0.000605865 0
0.00060777 0
0.000609676 0
0.000611581 0
0.000613486 0
0.000615391 0
0.000617297 0
0.000619202 0
0.000621107 0
0.000623012 0
0.000624918 0
0.000626823 0
0.000628728 0
0.000630633 0
0.000632538 0
0.000634444 0
0.000636349 0
0.000638254 0
0.000640159 0
0.000642065 0
0.00064397 0
0.000645875 0
0.00064778 0
0.000649686 0
0.000651591 0
0.000653496 0
0.000655401 0
0.000657307 0
0.000659212 0
0.000661117 0
0.000663022 0
0.000664927 0
0.000666833 0
0.000668738 0
0.000670643 0
0.000672548 0
0.000674454 0
0.000676359 0
0.000678264 0
0.000680169 0
0.000682075 0
0.00068398 0
0.000685885 0
0.00068779 0
0.000689696 0
0.000691601 0
0.000693506 0
0.000695411 0
0.000697316 0
0.000699222 0
0.000701127 0
0.000703032 0
0.000704937 0
0.000706843 0
0.000708748 0
0.000710653 0
0.000712558 0
0.000714464 0
0.000716369 0
0.000718274 0
0.000720179 0
0.000722085 0
0.00072399 0
0.000725895 0
0.0007278 0
0.000729706 0
0.000731611 0
0.000733516 0
0.000735421 0
0.000737326 0
0.000739232 0
0.000741137 0
0.000743042 0
0.000744947 0
0.000746853 0
0.000748758 0
0.000750663 0
0.000752568 0
0.000754474 0
0.000756379 0
0.000758284 0
0.000760189 0
0.000762095 0
0.000764 0
0.000765905 0
0.00076781 0
0.000769715 0
0.000771621 0
0.000773526 0
0.000775431 0
0.000777336 0
0.000779242 0
0.000781147 0
0.000783052 0
0.000784957 0
0.000786863 0
0.000788768 0
0.000790673 0
0.000792578 0
0.000794484 0
0.000796389 0
0.000798294 0
0.000800199 0
0.000802104 0
0.00080401 0
0.000805915 0
0.00080782 0
0.000809725 0
0.000811631 0
0.000813536 0
0.000815441 0
0.000817346 0
0.000819252 0
0.000821157 0
0.000823062 0
0.000824967 0
0.000826873 0
0.000828778 0
0.000830683 0
0.000832588 0
0.000834494 0
0.000836399 0
0.000838304 0
0.000840209 0
0.000842114 0
0.00084402 0
0.000845925 0
0.00084783 0
0.000849735 0
0.000851641 0
0.000853546 0
0.000855451 0
0.000857356 0
0.000859262 0
0.000861167 0
0.000863072 0
0.000864977 0
0.000866883 0
0.000868788 0
0.000870693 0
0.000872598 0
0.000874503 0
0.000876409 0
0.000878314 0
0.000880219 0
0.000882124 0
0.00088403 0
0.000885935 0
0.00088784 0
0.000889745 0
0.000891651 0
0.000893556 0
0.000895461 0
0.000897366 0
0.000899272 0
0.000901177 0
0.000903082 0
0.000904987 0
0.000906892 0
0.000908798 0
0.000910703 0
0.000912608 0
0.000914513 0
0.000916419 0
0.000918324 0
0.000920229 0
0.000922134 0
0.00092404 0
0.000925945 0
0.00092785 0
0.000929755 0
0.000931661 0
0.000933566 0
0.000935471 0
0.000937376 0
0.000939282 0
0.000941187 0
0.000943092 0
0.000944997 0
0.000946902 0
0.000948808 0
0.000950713 0
0.000952618 0
0.000954523 0
0.000956429 0
0.000958334 0
0.000960239 0
0.000962144 0
0.00096405 0
0.000965955 0
0.00096786 0
0.000969765 0
0.000971671 0
0.000973576 0
0.000975481 0
0.000977386 0
0.000979291 0
0.000981197 0
0.000983102 0
0.000985007 0
0.000986912 0
0.000988818 0
0.000990723 0
0.000992628 0
0.000994533 0
0.000996439 0
0.000998344 0
0.00100025 0
0.00100215 0
0.00100406 0
0.00100596 0
0.00100787 0
0.00100978 0
0.00101168 0
0.00101359 0
0.00101549 0
0.0010174 0
0.0010193 0
0.00102121 0
0.00102311 0
0.00102502 0
0.00102692 0
0.00102883 0
0.00103073 0
0.00103264 0
0.00103454 0
0.00103645 0
0.00103835 0
0.00104026 0
0.00104216 0
0.00104407 0
0.00104597 0
0.00104788 0
0.00104979 0
0.00105169 0
0.0010536 0
0.0010555 0
0.00105741 0
0.00105931 0
0.00106122 0
0.00106312 0
0.00106503 0
0.00106693 0
0.00106884 0
0.00107074 0
0.00107265 0
0.00107455 0
0.00107646 0
0.00107836 0
0.00108027 0
0.00108217 0
0.00108408 0
0.00108598 0
0.00108789 0
0.0010898 0
0.0010917 0
0.00109361 0
0.00109551 0
0.00109742 0
0.00109932 0
0.00110123 0
0.00110313 0
0.00110504 0
0.00110694 0
0.00110885 0
0.00111075 0
0.00111266 0
0.00111456 0
0.00111647 0
0.00111837 0
0.00112028 0
0.00112218 0
0.00112409 0
0.00112599 0
0.0011279 0
0.00112981 0
0.00113171 0
0.00113362 0
0.00113552 0
0.00113743 0
0.00113933 0
0.00114124 0
0.00114314 0
0.00114505 0
0.00114695 0
0.00114886 0
0.00115076 0
0.00115267 0
0.00115457 0
0.00115648 0
0.00115838 0
0.00116029 0
0.00116219 0
0.0011641 0
0.001166 0
0.00116791 0
0.00116982 0
0.00117172 0
0.00117363 0
0.00117553 0
0.00117744 0
0.00117934 0
0.00118125 0
0.00118315 0
0.00118506 0
0.00118696 0
0.00118887 0
0.00119077 0
0.00119268 0
0.00119458 0
0.00119649 0
0.00119839 0
0.0012003 0
0.0012022 0
0.00120411 0
0.00120601 0
0.00120792 0
0.00120983 0
0.00121173 0
0.00121364 0
0.00121554 0
0.00121745 0
0.00121935 0
0.00122126 0
0.00122316 0
0.00122507 0
0.00122697 0
0.00122888 0
0.00123078 0
0.00123269 0
0.00123459 0
0.0012365 0
0.0012384 0
0.00124031 0
0.00124221 0
0.00124412 0
0.00124602 0
0.00124793 0
0.00124984 0
0.00125174 0
0.00125365 0
0.00125555 0
0.00125746 0
0.00125936 0
0.00126127 0
0.00126317 0
0.00126508 0
0.00126698 0
0.00126889 0
0.00127079 0
0.0012727 0
0.0012746 0
0.00127651 0
0.00127841 0
0.00128032 0
0.00128222 0
0.00128413 0
0.00128603 0
0.00128794 0
0.00128984 0
0.00129175 0
0.00129366 0
0.00129556 0
0.00129747 0
0.00129937 0
0.00130128 0
0.00130318 0
0.00130509 0
0.00130699 0
0.0013089 0
0.0013108 0
0.00131271 0
0.00131461 0
0.00131652 0
0.00131842 0
0.00132033 0
0.00132223 0
0.00132414 0
0.00132604 0
0.00132795 0
0.00132985 0
0.00133176 0
0.00133367 0
0.00133557 0
0.00133748 0
0.00133938 0
0.00134129 0
0.00134319 0
0.0013451 0
0.001347 0
0.00134891 0
0.00135081 0
0.00135272 0
0.00135462 0
0.00135653 0
0.00135843 0
0.00136034 0
0.00136224 0
0.00136415 0
0.00136605 0
0.00136796 0
0.00136986 0
0.00137177 0
0.00137368 0
0.00137558 0
0.00137749 0
0.00137939 0
0.0013813 0
0.0013832 0
0.00138511 0
0.00138701 0
0.00138892 0
0.00139082 0
0.00139273 0
0.00139463 0
0.00139654 0
0.00139844 0
0.00140035 0
0.00140225 0
0.00140416 0
0.00140606 0
0.00140797 0
0.00140987 0
0.00141178 0
0.00141369 0
0.00141559 0
0.0014175 0
0.0014194 0
0.00142131 0
0.00142321 0
0.00142512 0
0.00142702 0
0.00142893 0
0.00143083 0
0.00143274 0
0.00143464 0
0.00143655 0
0.00143845 0
0.00144036 0
0.00144226 0
0.00144417 0
0.00144607 0
0.00144798 0
0.00144988 0
0.00145179 0
0.0014537 0
0.0014556 0
0.00145751 0
0.00145941 0
0.00146132 0
0.00146322 0
0.00146513 0
0.00146703 0
0.00146894 0
0.00147084 0
0.00147275 0
0.00147465 0
0.00147656 0
0.00147846 0
0.00148037 0
0.00148227 0
0.00148418 0
0.00148608 0
0.00148799 0
0.00148989 0
0.0014918 0
0.00149371 0
0.00149561 0
0.00149752 0
0.00149942 0
0.00150133 0
0.00150323 0
0.00150514 0
0.00150704 0
0.00150895 0
0.00151085 0
0.00151276 0
0.00151466 0
0.00151657 0
0.00151847 0
0.00152038 0
0.00152228 0
0.00152419 0
0.00152609 0
0.001528 0
0.0015299 0
0.00153181 0
0.00153372 0
0.00153562 0
0.00153753 0
0.00153943 0
0.00154134 0
0.00154324 0
0.00154515 0
0.00154705 0
0.00154896 0
0.00155086 0
0.00155277 0
0.00155467 0
0.00155658 0
0.00155848 0
0.00156039 0
0.00156229 0
0.0015642 0
0.0015661 0
0.00156801 0
0.00156991 0
0.00157182 0
0.00157373 0
0.00157563 0
0.00157754 0
0.00157944 0
0.00158135 0
0.00158325 0
0.00158516 0
0.00158706 0
0.00158897 0
0.00159087 0
0.00159278 0
0.00159468 0
0.00159659 0
0.00159849 0
0.0016004 0
0.0016023 0
0.00160421 0
0.00160611 0
0.00160802 0
0.00160992 0
0.00161183 0
0.00161374 0
0.00161564 0
0.00161755 0
0.00161945 0
0.00162136 0
0.00162326 0
0.00162517 0
0.00162707 0
0.00162898 0
0.00163088 0
0.00163279 0
0.00163469 0
0.0016366 0
0.0016385 0
0.00164041 0
0.00164231 0
0.00164422 0
0.00164612 0
0.00164803 0
0.00164993 0
0.00165184 0
0.00165375 0
0.00165565 0
0.00165756 0
0.00165946 0
0.00166137 0
0.00166327 0
0.00166518 0
0.00166708 0
0.00166899 0
0.00167089 0
0.0016728 0
0.0016747 0
0.00167661 0
0.00167851 0
0.00168042 0
0.00168232 0
0.00168423 0
0.00168613 0
0.00168804 0
0.00168994 0
0.00169185 0
0.00169376 0
0.00169566 0
0.00169757 0
0.00169947 0
0.00170138 0
0.00170328 0
0.00170519 0
0.00170709 0
0.001709 0
0.0017109 0
0.00171281 0
0.00171471 0
0.00171662 0
0.00171852 0
0.00172043 0
0.00172233 0
0.00172424 0
0.00172614 0
0.00172805 0
0.00172995 0
0.00173186 0
0.00173377 0
0.00173567 0
0.00173758 0
0.00173948 0
0.00174139 0
0.00174329 0
0.0017452 0
0.0017471 0
0.00174901 0
0.00175091 0
0.00175282 0
0.00175472 0
0.00175663 5.58775e-313
0.00175853 6.14653e-312
0.00176044 8.88452e-311
0.00176234 1.33827e-309
0.00176425 1.9694e-308
0.00176615 2.88039e-307
0.00176806 4.13291e-306
0.00176996 5.89048e-305
0.00177187 8.24688e-304
0.00177378 1.14619e-302
0.00177568 1.56661e-301
0.00177759 2.12464e-300
0.00177949 2.83648e-299
0.0017814 3.75601e-298
0.0017833 4.90035e-297
0.00178521 6.33947e-296
0.00178711 8.0866e-295
0.00178902 1.02261e-293
0.00179092 1.27596e-292
0.00179283 1.57808e-291
0.00179473 1.92692e-290
0.00179664 2.33192e-289
0.00179854 2.78769e-288
0.00180045 3.30265e-287
0.00180235 3.86694e-286
0.00180426 4.48691e-285
0.00180616 5.14757e-284
0.00180807 5.85236e-283
0.00180997 6.58116e-282
0.00181188 7.33431e-281
0.00181378 8.08741e-280
0.00181569 8.8382e-279
0.0018176 9.55981e-278
0.0018195 1.02486e-276
0.00182141 1.08777e-275
0.00182331 1.14438e-274
0.00182522 1.19227e-273
0.00182712 1.23133e-272
0.00182903 1.25966e-271
0.00183093 1.27752e-270
0.00183284 1.28368e-269
0.00183474 1.27885e-268
0.00183665 1.26255e-267
0.00183855 1.23594e-266
0.00184046 1.19921e-265
0.00184236 1.15388e-264
0.00184427 1.10065e-263
0.00184617 1.04124e-262
0.00184808 9.76682e-262
0.00184998 9.08682e-261
0.00185189 8.3838e-260
0.00185379 7.67314e-259
0.0018557 6.96531e-258
0.00185761 6.27274e-257
0.00185951 5.60366e-256
0.00186142 4.96687e-255
0.00186332 4.36767e-254
0.00186523 3.81116e-253
0.00186713 3.29973e-252
0.00186904 2.83521e-251
0.00187094 2.41746e-250
0.00187285 2.0458e-249
0.00187475 1.71825e-248
0.00187666 1.43246e-247
0.00187856 1.18535e-246
0.00188047 9.73707e-246
0.00188237 7.94007e-245
0.00188428 6.42805e-244
0.00188618 5.16648e-243
0.00188809 4.12297e-242
0.00188999 3.26686e-241
0.0018919 2.57034e-240
0.0018938 2.00816e-239
0.00189571 1.55807e-238
0.00189762 1.2005e-237
0.00189952 9.1866e-237
0.00190143 6.98195e-236
0.00190333 5.27053e-235
0.00190524 3.95183e-234
0.00190714 2.9433e-233
0.00190905 2.17759e-232
0.00191095 1.60046e-231
0.00191286 1.16857e-230
0.00191476 8.47669e-230
0.00191667 6.10907e-229
0.00191857 4.37442e-228
0.00192048 3.11226e-227
0.00192238 2.2002e-226
0.00192429 1.54558e-225
0.00192619 1.0789e-224
0.0019281 7.4843e-224
0.00193 5.15957e-223
0.00193191 3.53496e-222
0.00193381 2.40702e-221
0.00193572 1.62897e-220
0.00193763 1.09573e-219
0.00193953 7.32592e-219
0.00194144 4.86862e-218
0.00194334 3.21623e-217
0.00194525 2.11204e-216
0.00194715 1.37874e-215
0.00194906 8.94761e-215
0.00195096 5.77278e-214
0.00195287 3.70281e-213
0.00195477 2.36135e-212
0.00195668 1.49722e-211
0.00195858 9.43883e-211
0.00196049 5.91661e-210
0.00196239 3.68776e-209
0.0019643 2.28559e-208
0.0019662 1.40863e-207
0.00196811 8.63306e-207
0.00197001 5.26161e-206
0.00197192 3.18911e-205
0.00197382 1.92233e-204
0.00197573 1.15241e-203
0.00197764 6.87102e-203
0.00197954 4.07454e-202
0.00198145 2.4032e-201
0.00198335 1.40984e-200
0.00198526 8.22675e-200
0.00198716 4.77502e-199
0.00198907 2.75691e-198
0.00199097 1.58337e-197
0.00199288 9.04613e-197
0.00199478 5.14134e-196
0.00199669 2.90692e-195
0.00199859 1.6351e-194
0.0020005 9.14996e-194
0.0020024 5.09411e-193
0.00200431 2.82164e-192
0.00200621 1.55499e-191
0.00200812 8.5263e-191
0.00201002 4.65164e-190
0.00201193 2.52508e-189
0.00201383 1.36389e-188
0.00201574 7.33034e-188
0.00201765 3.92032e-187
0.00201955 2.08632e-186
0.00202146 1.10487e-185
0.00202336 5.82265e-185
0.00202527 3.05365e-184
0.00202717 1.59373e-183
0.00202908 8.27787e-183
0.00203098 4.27894e-182
0.00203289 2.2013e-181
0.00203479 1.12708e-180
0.0020367 5.7434e-180
0.0020386 2.91296e-179
0.00204051 1.47048e-178
0.00204241 7.38834e-178
0.00204432 3.69497e-177
0.00204622 1.83932e-176
0.00204813 9.11365e-176
0.00205003 4.49497e-175
0.00205194 2.20682e-174
0.00205384 1.0785e-173
0.00205575 5.24685e-173
0.00205766 2.541e-172
0.00205956 1.22503e-171
0.00206147 5.8794e-171
0.00206337 2.80913e-170
0.00206528 1.33619e-169
0.00206718 6.32751e-169
0.00206909 2.98312e-168
0.00207099 1.4002e-167
0.0020729 6.54327e-167
0.0020748 3.04436e-166
0.00207671 1.41026e-165
0.00207861 6.50445e-165
0.00208052 2.98702e-164
0.00208242 1.3658e-163
0.00208433 6.21822e-163
0.00208623 2.8189e-162
0.00208814 1.27244e-161
0.00209004 5.71928e-161
0.00209195 2.55978e-160
0.00209385 1.14084e-159
0.00209576 5.06307e-159
0.00209767 2.23758e-158
0.00209957 9.84744e-158
0.00210148 4.31574e-157
0.00210338 1.88356e-156
0.00210529 8.18658e-156
0.00210719 3.54349e-155
0.0021091 1.52746e-154
0.002111 6.55731e-154
0.00211291 2.80352e-153
0.00211481 1.19374e-152
0.00211672 5.06235e-152
0.00211862 2.13813e-151
0.00212053 8.99415e-151
0.00212243 3.76823e-150
0.00212434 1.57243e-149
0.00212624 6.53536e-149
0.00212815 2.70542e-148
0.00213005 1.11551e-147
0.00213196 4.58129e-147
0.00213386 1.87408e-146
0.00213577 7.63621e-146
0.00213768 3.09928e-145
0.00213958 1.25298e-144
0.00214149 5.04583e-144
0.00214339 2.02409e-143
0.0021453 8.08803e-143
0.0021472 3.2194e-142
0.00214911 1.27653e-141
0.00215101 5.04219e-141
0.00215292 1.984e-140
0.00215482 7.77683e-140
0.00215673 3.03674e-139
0.00215863 1.18131e-138
0.00216054 4.57796e-138
0.00216244 1.76742e-137
0.00216435 6.79781e-137
0.00216625 2.60476e-136
0.00216816 9.94345e-136
0.00217006 3.78168e-135
0.00217197 1.43289e-134
0.00217387 5.40913e-134
0.00217578 2.03438e-133
0.00217769 7.6231e-133
0.00217959 2.84597e-132
0.0021815 1.0586e-131
0.0021834 3.9232e-131
0.00218531 1.44864e-130
0.00218721 5.32965e-130
0.00218912 1.95369e-129
0.00219102 7.13572e-129
0.00219293 2.59686e-128
0.00219483 9.41652e-128
0.00219674 3.40228e-127
0.00219864 1.22487e-126
0.00220055 4.39393e-126
0.00220245 1.5706e-125
0.00220436 5.59411e-125
0.00220626 1.98542e-124
0.00220817 7.02156e-124
0.00221007 2.47445e-123
0.00221198 8.68944e-123
0.00221388 3.04072e-122
0.00221579 1.06032e-121
0.0022177 3.68446e-121
0.0022196 1.27584e-120
0.00222151 4.40252e-120
0.00222341 1.5139e-119
0.00222532 5.18786e-119
0.00222722 1.77164e-118
0.00222913 6.02923e-118
0.00223103 2.04481e-117
0.00223294 6.91116e-117
0.00223484 2.32788e-116
0.00223675 7.81417e-116
0.00223865 2.61411e-115
0.00224056 8.71534e-115
0.00224246 2.89581e-114
0.00224437 9.5892e-114
0.00224627 3.16465e-113
0.00224818 1.04089e-112
0.00225008 3.41207e-112
0.00225199 1.11474e-111
0.00225389 3.6297e-111
0.0022558 1.17792e-110
0.00225771 3.80987e-110
0.00225961 1.22817e-109
0.00226152 3.94603e-109
0.00226342 1.26364e-108
0.00226533 4.03316e-108
0.00226723 1.28302e-107
0.00226914 4.06809e-107
0.00227104 1.28563e-106
0.00227295 4.04966e-106
0.00227485 1.27144e-105
0.00227676 3.9788e-105
0.00227866 1.24105e-104
0.00228057 3.85847e-104
0.00228247 1.19571e-103
0.00228438 3.69342e-103
0.00228628 1.13717e-102
0.00228819 3.48992e-102
0.00229009 1.06759e-101
0.002292 3.25535e-101
0.0022939 9.89448e-101
0.00229581 2.99775e-100
0.00229772 9.05331e-100
0.00229962 2.7254e-99
0.00230153 8.17841e-99
0.00230343 2.44638e-98
0.00230534 7.29455e-98
0.00230724 2.16818e-97
0.00230915 6.42416e-97
0.00231105 1.89742e-96
0.00231296 5.58652e-96
0.00231486 1.63965e-95
0.00231677 4.79727e-95
0.00231867 1.39918e-94
0.00232058 4.06812e-94
0.00232248 1.17911e-93
0.00232439 3.40688e-93
0.00232629 9.81312e-93
0.0023282 2.81777e-92
0.0023301 8.06591e-92
0.00233201 2.30173e-91
0.00233391 6.54803e-91
0.00233582 1.85705e-90
0.00233772 5.25044e-90
0.00233963 1.47989e-89
0.00234154 4.1584e-89
0.00234344 1.1649e-88
0.00234535 3.25327e-88
0.00234725 9.05776e-88
0.00234916 2.51416e-87
0.00235106 6.95729e-87
0.00235297 1.91939e-86
0.00235487 5.27914e-86
0.00235678 1.44758e-85
0.00235868 3.95737e-85
0.00236059 1.07858e-84
0.00236249 2.9308e-84
0.0023644 7.93974e-84
0.0023663 2.14445e-83
0.00236821 5.77455e-83
0.00237011 1.55029e-82
0.00237202 4.14958e-82
0.00237392 1.10737e-81
0.00237583 2.94631e-81
0.00237773 7.81567e-81
0.00237964 2.06708e-80
0.00238155 5.45069e-80
0.00238345 1.43302e-79
0.00238536 3.7563e-79
0.00238726 9.817e-79
0.00238917 2.55804e-78
0.00239107 6.64585e-78
0.00239298 1.7215e-77
0.00239488 4.44611e-77
0.00239679 1.14491e-76
0.00239869 2.93956e-76
0.0024006 7.52514e-76
0.0024025 1.92074e-75
0.00240441 4.88819e-75
0.00240631 1.24037e-74
0.00240822 3.13823e-74
0.00241012 7.91673e-74
0.00241203 1.9913e-73
0.00241393 4.99414e-73
0.00241584 1.24887e-72
0.00241774 3.11393e-72
0.00241965 7.74172e-72
0.00242156 1.91913e-71
0.00242346 4.7436e-71
0.00242537 1.16911e-70
0.00242727 2.87304e-70
0.00242918 7.03999e-70
0.00243108 1.72007e-69
0.00243299 4.19053e-69
0.00243489 1.01798e-68
0.0024368 2.46578e-68
0.0024387 5.95556e-68
0.00244061 1.4343e-67
0.00244251 3.44439e-67
0.00244442 8.24778e-67
0.00244632 1.96932e-66
0.00244823 4.6887e-66
0.00245013 1.11313e-65
0.00245204 2.6351e-65
0.00245394 6.22027e-65
0.00245585 1.46414e-64
0.00245775 3.4365e-64
0.00245966 8.04293e-64
0.00246157 1.87705e-63
0.00246347 4.36822e-63
0.00246538 1.01367e-62
0.00246728 2.34563e-62
0.00246919 5.4124e-62
0.00247109 1.24534e-61
0.002473 2.85733e-61
0.0024749 6.53735e-61
0.00247681 1.49148e-60
0.00247871 3.39316e-60
0.00248062 7.69782e-60
0.00248252 1.74143e-59
0.00248443 3.92845e-59
0.00248633 8.83718e-59
0.00248824 1.98237e-58
0.00249014 4.4344e-58
0.00249205 9.89155e-58
0.00249395 2.20027e-57
0.00249586 4.88054e-57
0.00249776 1.07955e-56
0.00249967 2.38123e-56
0.00250158 5.23775e-56
0.00250348 1.14887e-55
0.00250539 2.51296e-55
0.00250729 5.48132e-55
0.0025092 1.19226e-54
0.0025111 2.58611e-54
0.00251301 5.59385e-54
0.00251491 1.2066e-53
0.00251682 2.59541e-53
0.00251872 5.56723e-53
0.00252063 1.19087e-52
0.00252253 2.54027e-52
0.00252444 5.40366e-52
0.00252634 1.14628e-51
0.00252825 2.42485e-51
0.00253015 5.11533e-51
0.00253206 1.07611e-50
0.00253396 2.25754e-50
0.00253587 4.72291e-50
0.00253777 9.85326e-50
0.00253968 2.04996e-49
0.00254159 4.25314e-49
0.00254349 8.79974e-49
0.0025454 1.81563e-48
0.0025473 3.73581e-48
0.00254921 7.66547e-48
0.00255111 1.56853e-47
0.00255302 3.20069e-47
0.00255492 6.51321e-47
0.00255683 1.32174e-46
0.00255873 2.67483e-46
0.00256064 5.39817e-46
0.00256254 1.08642e-45
0.00256445 2.18046e-45
0.00256635 4.36414e-45
0.00256826 8.71065e-45
0.00257016 1.73381e-44
0.00257207 3.44156e-44
0.00257397 6.81254e-44
0.00257588 1.34482e-43
0.00257778 2.64739e-43
0.00257969 5.19726e-43
0.0025816 1.01749e-42
0.0025835 1.9865e-42
0.00258541 3.86763e-42
0.00258731 7.50936e-42
0.00258922 1.45399e-41
0.00259112 2.80749e-41
0.00259303 5.406e-41
0.00259493 1.03808e-40
0.00259684 1.98787e-40
0.00259874 3.79615e-40
0.00260065 7.2293e-40
0.00260255 1.37293e-39
0.00260446 2.60014e-39
0.00260636 4.91068e-39
0.00260827 9.24878e-39
0.00261017 1.73709e-38
0.00261208 3.25355e-38
0.00261398 6.07697e-38
0.00261589 1.13191e-37
0.00261779 2.10246e-37
0.0026197 3.89438e-37
0.00262161 7.19351e-37
0.00262351 1.32506e-36
0.00262542 2.434e-36
0.00262732 4.45856e-36
0.00262923 8.14437e-36
0.00263113 1.48357e-35
0.00263304 2.69492e-35
0.00263494 4.88169e-35
0.00263685 8.81818e-35
0.00263875 1.58844e-34
0.00264066 2.85329e-34
0.00264256 5.11096e-34
0.00264447 9.12931e-34
0.00264637 1.62612e-33
0.00264828 2.88831e-33
0.00265018 5.11578e-33
0.00265209 9.03554e-33
0.00265399 1.59136e-32
0.0026559 2.79483e-32
0.0026578 4.89453e-32
0.00265971 8.54741e-32
0.00266162 1.48842e-31
0.00266352 2.58451e-31
0.00266543 4.47503e-31
0.00266733 7.72633e-31
0.00266924 1.33018e-30
0.00267114 2.2835e-30
0.00267305 3.90884e-30
0.00267495 6.67187e-30
0.00267686 1.13553e-29
0.00267876 1.92705e-29
0.00268067 3.26089e-29
0.00268257 5.50201e-29
0.00268448 9.2565e-29
0.00268638 1.55278e-28
0.00268829 2.59722e-28
0.00269019 4.33151e-28
0.0026921 7.20276e-28
0.002694 1.19422e-27
0.00269591 1.97422e-27
0.00269781 3.25407e-27
0.00269972 5.34781e-27
0.00270163 8.76271e-27
0.00270353 1.43157e-26
0.00270544 2.33181e-26
0.00270734 3.78685e-26
0.00270925 6.13145e-26
0.00271115 9.89795e-26
0.00271306 1.59302e-25
0.00271496 2.55613e-25
0.00271687 4.08915e-25
0.00271877 6.52172e-25
0.00272068 1.03698e-24
0.00272258 1.64379e-24
0.00272449 2.59773e-24
0.00272639 4.09264e-24
0.0027283 6.42795e-24
0.0027302 1.00646e-23
0.00273211 1.57096e-23
0.00273401 2.44445e-23
0.00273592 3.79172e-23
0.00273782 5.86305e-23
0.00273973 9.03731e-23
0.00274164 1.3886e-22
0.00274354 2.12682e-22
0.00274545 3.24711e-22
0.00274735 4.94159e-22
0.00274926 7.49608e-22
0.00275116 1.13343e-21
0.00275307 1.7082e-21
0.00275497 2.56604e-21
0.00275688 3.84201e-21
0.00275878 5.73348e-21
0.00276069 8.52776e-21
0.00276259 1.26416e-20
0.0027645 1.86771e-20
0.0027664 2.75011e-20
0.00276831 4.03568e-20
0.00277021 5.90202e-20
0.00277212 8.60185e-20
0.00277402 1.24934e-19
0.00277593 1.80826e-19
0.00277783 2.60809e-19
0.00277974 3.74845e-19
0.00278165 5.36836e-19
0.00278355 7.66091e-19
0.00278546 1.08932e-18
0.00278736 1.54334e-18
0.00278927 2.17861e-18
0.00279117 3.06409e-18
0.00279308 4.29351e-18
0.00279498 5.99379e-18
0.00279689 8.33593e-18
0.00279879 1.15493e-17
0.0028007 1.59402e-17
0.0028026 2.19154e-17
0.00280451 3.00129e-17
0.00280641 4.09407e-17
0.00280832 5.56252e-17
0.00281022 7.52731e-17
0.00281213 1.01447e-16
0.00281403 1.36161e-16
0.00281594 1.81995e-16
0.00281784 2.42234e-16
0.00281975 3.21039e-16
0.00282165 4.23646e-16
0.00282356 5.56604e-16
0.00282547 7.28047e-16
0.00282737 9.48011e-16
0.00282928 1.22879e-15
0.00283118 1.58534e-15
0.00283309 2.03568e-15
0.00283499 2.60139e-15
0.0028369 3.308e-15
0.0028388 4.18554e-15
0.00284071 5.26883e-15
0.00284261 6.59788e-15
0.00284452 8.21803e-15
0.00284642 1.01799e-14
0.00284833 1.25392e-14
0.00285023 1.53558e-14
0.00285214 1.86926e-14
0.00285404 2.26139e-14
0.00285595 2.71824e-14
0.00285785 3.24561e-14
0.00285976 3.84834e-14
0.00286166 4.52973e-14
0.00286357 5.29084e-14
0.00286548 6.12959e-14
0.00286738 7.03982e-14
0.00286929 8.01006e-14
0.00287119 9.02231e-14
0.0028731 1.00506e-13
0.002875 1.10595e-13
0.00287691 1.20029e-13
0.00287881 1.2822e-13
0.00288072 1.3445e-13
0.00288262 1.37852e-13
0.00288453 1.37409e-13
0.00288643 1.31959e-13
0.00288834 1.20193e-13
0.00289024 1.00683e-13
0.00289215 7.19054e-14
0.00289405 3.22862e-14
0.00289596 -1.97417e-14
0.00289786 -8.56642e-14
0.00289977 -1.66795e-13
0.00290167 -2.64168e-13
0.00290358 -3.78411e-13
0.00290549 -5.09613e-13
0.00290739 -6.5717e-13
0.0029093 -8.19634e-13
0.0029112 -9.94565e-13
0.00291311 -1.17838e-12
0.00291501 -1.36624e-12
0.00291692 -1.55194e-12
0.00291882 -1.72787e-12
0.00292073 -1.88505e-12
0.00292263 -2.01312e-12
0.00292454 -2.1006e-12
0.00292644 -2.13507e-12
0.00292835 -2.10356e-12
0.00293025 -1.99298e-12
0.00293216 -1.79075e-12
0.00293406 -1.48546e-12
0.00293597 -1.06763e-12
0.00293787 -5.30624e-13
0.00293978 1.28442e-13
0.00294168 9.07774e-13
0.00294359 1.79997e-12
0.0029455 2.79121e-12
0.0029474 3.86053e-12
0.00294931 4.97946e-12
0.00295121 6.11175e-12
0.00295312 7.2137e-12
0.00295502 8.23479e-12
0.00295693 9.11893e-12
0.00295883 9.80618e-12
0.00296074 1.02352e-11
0.00296264 1.03462e-11
0.00296455 1.00845e-11
0.00296645 9.40413e-12
0.00296836 8.27255e-12
0.00297026 6.67446e-12
0.00297217 4.61596e-12
0.00297407 2.12793e-12
0.00297598 -7.31459e-13
0.00297788 -3.87554e-12
0.00297979 -7.18964e-12
0.00298169 -1.05335e-11
0.0029836 -1.37459e-11
0.00298551 -1.66515e-11
0.00298741 -1.90699e-11
0.00298932 -2.08265e-11
0.00299122 -2.1765e-11
0.00299313 -2.17598e-11
0.00299503 -2.07292e-11
0.00299694 -1.8646e-11
0.00299884 -1.55468e-11
0.00300075 -1.15362e-11
0.00300265 -6.78792e-12
0.00300456 -1.53913e-12
0.00300646 3.92017e-12
0.00300837 9.26363e-12
0.00301027 1.41499e-11
0.00301218 1.82477e-11
0.00301408 2.12624e-11
0.00301599 2.29624e-11
0.00301789 2.32025e-11
0.0030198 2.19416e-11
0.0030217 1.92525e-11
0.00302361 1.53223e-11
0.00302552 1.04417e-11
0.00302742 4.98449e-12
0.00302933 -6.23062e-13
0.00303123 -5.93943e-12
0.00303314 -1.05488e-11
0.00303504 -1.41019e-11
0.00303695 -1.63511e-11
0.00303885 -1.71777e-11
0.00304076 -1.66051e-11
0.00304266 -1.47981e-11
0.00304457 -1.20451e-11
0.00304647 -8.72684e-12
0.00304838 -5.27263e-12
0.00305028 -2.10952e-12
0.00305219 3.89382e-13
0.00305409 1.95162e-12
0.003056 2.44068e-12
0.0030579 1.87504e-12
0.00305981 4.27791e-13
0.00306171 -1.59375e-12
0.00306362 -3.78652e-12
0.00306553 -5.70356e-12
0.00306743 -6.91278e-12
0.00306934 -7.05467e-12
0.00307124 -5.89103e-12
0.00307315 -3.33798e-12
0.00307505 5.21709e-13
0.00307696 5.44867e-12
0.00307886 1.10778e-11
0.00308077 1.69653e-11
0.00308267 2.26448e-11
0.00308458 2.76832e-11
0.00308648 3.1728e-11
0.00308839 3.45396e-11
0.00309029 3.60015e-11
0.0030922 3.61104e-11
0.0030941 3.49478e-11
0.00309601 3.26387e-11
0.00309791 2.93081e-11
0.00309982 2.50444e-11
0.00310172 1.98772e-11
0.00310363 1.37775e-11
0.00310554 6.68073e-12
0.00310744 -1.47065e-12
0.00310935 -1.06707e-11
0.00311125 -2.0793e-11
0.00311316 -3.15436e-11
0.00311506 -4.24376e-11
0.00311697 -5.28072e-11
0.00311887 -6.18441e-11
0.00312078 -6.86769e-11
0.00312268 -7.24713e-11
0.00312459 -7.25428e-11
0.00312649 -6.84624e-11
0.0031284 -6.01406e-11
0.0031303 -4.78741e-11
0.00313221 -3.23459e-11
0.00313411 -1.45771e-11
0.00313602 4.16493e-12
0.00313792 2.24904e-11
0.00313983 3.90269e-11
0.00314173 5.25555e-11
0.00314364 6.21286e-11
0.00314555 6.71529e-11
0.00314745 6.74318e-11
0.00314936 6.3165e-11
0.00315126 5.49095e-11
0.00315317 4.35104e-11
0.00315507 3.00137e-11
0.00315698 1.55699e-11
0.00315888 1.34002e-12
0.00316079 -1.15916e-11
0.00316269 -2.22929e-11
0.0031646 -3.00465e-11
0.0031665 -3.4399e-11
0.00316841 -3.51943e-11
0.00317031 -3.2589e-11
0.00317222 -2.70456e-11
0.00317412 -1.92994e-11
0.00317603 -1.0295e-11
0.00317793 -1.09483e-12
0.00317984 7.23553e-12
0.00318174 1.3754e-11
0.00318365 1.7763e-11
0.00318556 1.89069e-11
0.00318746 1.72258e-11
0.00318937 1.31547e-11
0.00319127 7.46047e-12
0.00319318 1.12461e-12
0.00319508 -4.81246e-12
0.00319699 -9.42016e-12
0.00319889 -1.20296e-11
0.0032008 -1.23408e-11
0.0032027 -1.04642e-11
0.00320461 -6.88841e-12
0.00320651 -2.37868e-12
0.00320842 2.17322e-12
0.00321032 5.91939e-12
0.00321223 8.21253e-12
0.00321413 8.71848e-12
0.00321604 7.46342e-12
0.00321794 4.80804e-12
0.00321985 1.35656e-12
0.00322175 -2.17837e-12
0.00322366 -5.12524e-12
0.00322557 -6.98612e-12
0.00322747 -7.5254e-12
0.00322938 -6.79869e-12
0.00323128 -5.11939e-12
0.00323319 -2.97394e-12
0.00323509 -9.0713e-13
0.003237 5.96176e-13
0.0032389 1.20751e-12
0.00324081 8.10592e-13
0.00324271 -4.9198e-13
0.00324462 -2.4185e-12
0.00324652 -4.58162e-12
0.00324843 -6.57681e-12
0.00325033 -8.06541e-12
0.00325224 -8.83513e-12
0.00325414 -8.8271e-12
0.00325605 -8.12728e-12
0.00325795 -6.92741e-12
0.00325986 -5.46702e-12
0.00326176 -3.97073e-12
0.00326367 -2.59482e-12
0.00326558 -1.39365e-12
0.00326748 -3.11831e-13
0.00326939 7.97925e-13
0.00327129 2.13637e-12
0.0032732 3.9074e-12
0.0032751 6.26662e-12
0.00327701 9.27893e-12
0.00327891 1.28934e-11
0.00328082 1.694e-11
0.00328272 2.11478e-11
0.00328463 2.5182e-11
0.00328653 2.86897e-11
0.00328844 3.13477e-11
0.00329034 3.29006e-11
0.00329225 3.31835e-11
0.00329415 3.21258e-11
0.00329606 2.97371e-11
0.00329796 2.60824e-11
0.00329987 2.12547e-11
0.00330177 1.53555e-11
0.00330368 8.48929e-12
0.00330559 7.76039e-13
0.00330749 -7.62306e-12
0.0033094 -1.64738e-11
0.0033113 -2.54432e-11
0.00331321 -3.40919e-11
0.00331511 -4.18912e-11
0.00331702 -4.82675e-11
0.00331892 -5.26683e-11
0.00332083 -5.46367e-11
0.00332273 -5.38815e-11
0.00332464 -5.03255e-11
0.00332654 -4.41256e-11
0.00332845 -3.56581e-11
0.00333035 -2.54768e-11
0.00333226 -1.42519e-11
0.00333416 -2.70455e-12
0.00333607 8.45395e-12
0.00333797 1.85695e-11
0.00333988 2.70784e-11
0.00334178 3.35297e-11
0.00334369 3.76029e-11
0.00334559 3.91245e-11
0.0033475 3.80863e-11
0.00334941 3.46599e-11
0.00335131 2.92021e-11
0.00335322 2.22405e-11
0.00335512 1.44349e-11
0.00335703 6.51423e-12
0.00335893 -8.05439e-13
0.00336084 -6.90786e-12
0.00336274 -1.13525e-11
0.00336465 -1.39241e-11
0.00336655 -1.46465e-11
0.00336846 -1.37578e-11
0.00337036 -1.16536e-11
0.00337227 -8.81207e-12
0.00337417 -5.71509e-12
0.00337608 -2.78153e-12
0.00337798 -3.21996e-13
0.00337989 1.481e-12
0.00338179 2.56989e-12
0.0033837 2.99199e-12
0.0033856 2.87042e-12
0.00338751 2.37255e-12
0.00338942 1.68045e-12
0.00339132 9.6529e-13
0.00339323 3.66512e-13
0.00339513 -2.39572e-14
0.00339704 -1.71037e-13
0.00339894 -9.76286e-14
0.00340085 1.24055e-13
0.00340275 3.90974e-13
0.00340466 5.94977e-13
0.00340656 6.50498e-13
0.00340847 5.17373e-13
0.00341037 2.12287e-13
0.00341228 -1.95039e-13
0.00341418 -6.00633e-13
0.00341609 -8.95213e-13
0.00341799 -9.95212e-13
0.0034199 -8.66865e-13
0.0034218 -5.36283e-13
0.00342371 -8.25432e-14
0.00342561 3.84046e-13
0.00342752 7.5201e-13
0.00342943 9.3827e-13
0.00343133 9.08882e-13
0.00343324 6.85513e-13
0.00343514 3.36675e-13
0.00343705 -4.28988e-14
0.00343895 -3.58269e-13
0.00344086 -5.38273e-13
0.00344276 -5.51345e-13
0.00344467 -4.0983e-13
0.00344657 -1.62885e-13
0.00344848 1.18977e-13
0.00345038 3.62991e-13
0.00345229 5.11803e-13
0.00345419 5.35684e-13
0.0034561 4.37087e-13
0.003458 2.47265e-13
0.00345991 1.65623e-14
0.00346181 -1.98977e-13
0.00346372 -3.51405e-13
0.00346562 -4.1194e-13
0.00346753 -3.77021e-13
0.00346944 -2.67989e-13
0.00347134 -1.24702e-13
0.00347325 5.29267e-15
0.00347515 7.93385e-14
0.00347706 7.05251e-14
0.00347896 -2.5887e-14
0.00348087 -1.92422e-13
0.00348277 -3.95673e-13
0.00348468 -5.96899e-13
0.00348658 -7.64048e-13
0.00348849 -8.81197e-13
0.00349039 -9.5282e-13
0.0034923 -1.00165e-12
0.0034942 -1.06073e-12
0.00349611 -1.16276e-12
0.00349801 -1.32981e-12
0.00349992 -1.56688e-12
0.00350182 -1.86121e-12
0.00350373 -2.18678e-12
0.00350563 -2.5129e-12
0.00350754 -2.81289e-12
0.00350945 -3.07048e-12
0.00351135 -3.28197e-12
0.00351326 -3.453e-12
0.00351516 -3.59258e-12
0.00351707 -3.70554e-12
0.00351897 -3.78681e-12
0.00352088 -3.81945e-12
0.00352278 -3.7761e-12
0.00352469 -3.6244e-12
0.00352659 -3.33319e-12
0.0035285 -2.8779e-12
0.0035304 -2.24424e-12
0.00353231 -1.42788e-12
0.00353421 -4.32833e-13
0.00353612 7.31787e-13
0.00353802 2.05444e-12
0.00353993 3.52131e-12
0.00354183 5.11537e-12
0.00354374 6.8128e-12
0.00354564 8.57944e-12
0.00354755 1.03685e-11
0.00354946 1.21193e-11
0.00355136 1.37599e-11
0.00355327 1.52101e-11
0.00355517 1.63873e-11
0.00355708 1.72115e-11
0.00355898 1.76102e-11
0.00356089 1.75222e-11
0.00356279 1.69006e-11
0.0035647 1.57154e-11
0.0035666 1.39566e-11
0.00356851 1.16368e-11
0.00357041 8.79438e-12
0.00357232 5.49608e-12
0.00357422 1.83726e-12
0.00357613 -2.05909e-12
0.00357803 -6.04667e-12
0.00357994 -9.96273e-12
0.00358184 -1.36365e-11
0.00358375 -1.68998e-11
0.00358565 -1.95969e-11
0.00358756 -2.1595e-11
0.00358947 -2.2793e-11
0.00359137 -2.31284e-11
0.00359328 -2.25829e-11
0.00359518 -2.11854e-11
0.00359709 -1.90114e-11
0.00359899 -1.61806e-11
0.0036009 -1.28499e-11
0.0036028 -9.20387e-12
0.00360471 -5.44352e-12
0.00360661 -1.77096e-12
0.00360852 1.62356e-12
0.00361042 4.57599e-12
0.00361233 6.9596e-12
0.00361423 8.69225e-12
0.00361614 9.74154e-12
0.00361804 1.01232e-11
0.00361995 9.89739e-12
0.00362185 9.16061e-12
0.00362376 8.03437e-12
0.00362566 6.65422e-12
0.00362757 5.15614e-12
0.00362948 3.66568e-12
0.00363138 2.28839e-12
0.00363329 1.10252e-12
0.00363519 1.56538e-13
0.0036371 -5.31674e-13
0.003639 -9.70737e-13
0.00364091 -1.19025e-12
0.00364281 -1.23333e-12
0.00364472 -1.14848e-12
0.00364662 -9.8314e-13
0.00364853 -7.7752e-13
0.00365043 -5.62282e-13
0.00365234 -3.57074e-13
0.00365424 -1.71833e-13
0.00365615 -9.7057e-15
0.00365805 1.30918e-13
0.00365996 2.52184e-13
0.00366186 3.5569e-13
0.00366377 4.40771e-13
0.00366567 5.04027e-13
0.00366758 5.41312e-13
0.00366949 5.47718e-13
0.00367139 5.20668e-13
0.0036733 4.60842e-13
0.0036752 3.72863e-13
0.00367711 2.66359e-13
0.00367901 1.53583e-13
0.00368092 4.87189e-14
0.00368282 -3.5166e-14
0.00368473 -8.85504e-14
0.00368663 -1.06619e-13
0.00368854 -9.09071e-14
0.00369044 -4.79811e-14
0.00369235 1.14362e-14
0.00369425 7.49808e-14
0.00369616 1.3103e-13
0.00369806 1.70413e-13
0.00369997 1.88286e-13
0.00370187 1.83862e-13
0.00370378 1.60667e-13
0.00370568 1.24952e-13
0.00370759 8.42623e-14
0.0037095 4.61928e-14
0.0037114 1.62612e-14
0.00371331 -2.21686e-15
0.00371521 -9.04829e-15
0.00371712 -6.63134e-15
0.00371902 1.22391e-15
0.00372093 9.95377e-15
0.00372283 1.60057e-14
0.00372474 1.73552e-14
0.00372664 1.38991e-14
0.00372855 7.35383e-15
0.00373045 4.12158e-16
0.00373236 -4.06643e-15
0.00373426 -3.78838e-15
0.00373617 2.42018e-15
0.00373807 1.43994e-14
0.00373998 3.11125e-14
0.00374188 5.06753e-14
0.00374379 7.10874e-14
0.00374569 9.05897e-14
0.0037476 1.0768e-13
0.00374951 1.21643e-13
0.00375141 1.32139e-13
0.00375332 1.39238e-13
0.00375522 1.43246e-13
0.00375713 1.44303e-13
0.00375903 1.42313e-13
0.00376094 1.36908e-13
0.00376284 1.27413e-13
0.00376475 1.13076e-13
0.00376665 9.35437e-14
0.00376856 6.85686e-14
0.00377046 3.86715e-14
0.00377237 4.67297e-15
0.00377427 -3.25885e-14
0.00377618 -7.18948e-14
0.00377808 -1.12772e-13
0.00377999 -1.54659e-13
0.00378189 -1.97394e-13
0.0037838 -2.41169e-13
0.0037857 -2.85825e-13
0.00378761 -3.31664e-13
0.00378952 -3.78534e-13
0.00379142 -4.26521e-13
0.00379333 -4.75637e-13
0.00379523 -5.25818e-13
0.00379714 -5.77308e-13
0.00379904 -6.29962e-13
0.00380095 -6.84201e-13
0.00380285 -7.4e-13
0.00380476 -7.97661e-13
0.00380666 -8.57549e-13
0.00380857 -9.19502e-13
0.00381047 -9.83995e-13
