0 0
1.90524e-06 1.55939e-11
3.81047e-06 3.077e-11
5.71571e-06 6.59539e-11
7.62095e-06 1.49235e-10
9.52618e-06 3.19112e-10
1.14314e-05 6.59689e-10
1.33367e-05 1.3326e-09
1.52419e-05 2.63387e-09
1.71471e-05 5.09549e-09
1.90524e-05 9.65268e-09
2.09576e-05 1.79092e-08
2.28628e-05 3.25468e-08
2.47681e-05 5.79389e-08
2.66733e-05 1.01037e-07
2.85785e-05 1.72603e-07
3.04838e-05 2.88861e-07
3.2389e-05 4.73602e-07
3.42943e-05 7.60739e-07
3.61995e-05 1.19721e-06
3.81047e-05 1.84599e-06
4.001e-05 2.7889e-06
4.19152e-05 4.12856e-06
4.38204e-05 5.98889e-06
4.57257e-05 8.51327e-06
4.76309e-05 1.18597e-05
4.95361e-05 1.6192e-05
5.14414e-05 2.16675e-05
5.33466e-05 2.84199e-05
5.52519e-05 3.65406e-05
5.71571e-05 4.60571e-05
5.90623e-05 5.69141e-05
6.09676e-05 6.89573e-05
6.28728e-05 8.19241e-05
6.4778e-05 9.54444e-05
6.66833e-05 0.000109052
6.85885e-05 0.000122206
7.04937e-05 0.000134327
7.2399e-05 0.000144837
7.43042e-05 0.000153204
7.62095e-05 0.000158989
7.81147e-05 0.000161879
8.00199e-05 0.000161719
8.19252e-05 0.000158525
8.38304e-05 0.000152478
8.57356e-05 0.000143912
8.76409e-05 0.000133279
8.95461e-05 0.000121114
9.14513e-05 0.000107989
9.33566e-05 9.44693e-05
9.52618e-05 8.10769e-05
9.71671e-05 6.82591e-05
9.90723e-05 5.63681e-05
0.000100978 4.56522e-05
0.000102883 3.62563e-05
0.000104788 2.82313e-05
0.000106693 2.15491e-05
0.000108598 1.61211e-05
0.000110504 1.18179e-05
0.000112409 8.48739e-06
0.000114314 5.97038e-06
0.000116219 4.1127e-06
0.000118125 2.77371e-06
0.00012003 1.83116e-06
0.000121935 1.18326e-06
0.00012384 7.48415e-07
0.000125746 4.6351e-07
0.000127651 2.81324e-07
0.000129556 1.67646e-07
0.000131461 9.84497e-08
0.000133367 5.73666e-08
0.000135272 3.35735e-08
0.000137177 2.01247e-08
0.000139082 1.26933e-08
0.000140987 8.66326e-09
0.000142893 6.50061e-09
0.000144798 5.33311e-09
0.000146703 4.68052e-09
0.000148608 4.28704e-09
0.000150514 4.02109e-09
0.000152419 3.81746e-09
0.000154324 3.64509e-09
0.000156229 3.48974e-09
0.000158135 3.34516e-09
0.00016004 3.20866e-09
0.000161945 3.07906e-09
0.00016385 2.95575e-09
0.000165756 2.83837e-09
0.000167661 2.72657e-09
0.000169566 2.62008e-09
0.000171471 2.5186e-09
0.000173377 2.42186e-09
0.000175282 2.32959e-09
0.000177187 2.24154e-09
0.000179092 2.15748e-09
0.000180997 2.0772e-09
0.000182903 2.00047e-09
0.000184808 1.92713e-09
0.000186713 1.85698e-09
0.000188618 1.78986e-09
0.000190524 1.72562e-09
0.000192429 1.6641e-09
0.000194334 1.60516e-09
0.000196239 1.54869e-09
0.000198145 1.49455e-09
0.00020005 1.44263e-09
0.000201955 1.39283e-09
0.00020386 1.34504e-09
0.000205766 1.29917e-09
0.000207671 1.25512e-09
0.000209576 1.21282e-09
0.000211481 1.17217e-09
0.000213386 1.13311e-09
0.000215292 1.09556e-09
0.000217197 1.05946e-09
0.000219102 1.02473e-09
0.000221007 9.91326e-10
0.000222913 9.5918e-10
0.000224818 9.2824e-10
0.000226723 8.98453e-10
0.000228628 8.69768e-10
0.000230534 8.42141e-10
0.000232439 8.15525e-10
0.000234344 7.89878e-10
0.000236249 7.6516e-10
0.000238155 7.41331e-10
0.00024006 7.18356e-10
0.000241965 6.96199e-10
0.00024387 6.74827e-10
0.000245775 6.54209e-10
0.000247681 6.34313e-10
0.000249586 6.15111e-10
0.000251491 5.96576e-10
0.000253396 5.78681e-10
0.000255302 5.61401e-10
0.000257207 5.44712e-10
0.000259112 5.28591e-10
0.000261017 5.13015e-10
0.000262923 4.97966e-10
0.000264828 4.83421e-10
0.000266733 4.69362e-10
0.000268638 4.55771e-10
0.000270544 4.42629e-10
0.000272449 4.2992e-10
0.000274354 4.17629e-10
0.000276259 4.05738e-10
0.000278165 3.94234e-10
0.00028007 3.83102e-10
0.000281975 3.72328e-10
0.00028388 3.61898e-10
0.000285785 3.51799e-10
0.000287691 3.42018e-10
0.000289596 3.32543e-10
0.000291501 3.23359e-10
0.000293406 3.14454e-10
0.000295312 3.05815e-10
0.000297217 2.97427e-10
0.000299122 2.89274e-10
0.000301027 2.81343e-10
0.000302933 2.73617e-10
0.000304838 2.6608e-10
0.000306743 2.58717e-10
0.000308648 2.51512e-10
0.000310554 2.44452e-10
0.000312459 2.37528e-10
0.000314364 2.30733e-10
0.000316269 2.24067e-10
0.000318174 2.17537e-10
0.00032008 2.11157e-10
0.000321985 2.04948e-10
0.00032389 1.9894e-10
0.000325795 1.93166e-10
0.000327701 1.87662e-10
0.000329606 1.82461e-10
0.000331511 1.7759e-10
0.000333416 1.73065e-10
0.000335322 1.68884e-10
0.000337227 1.65025e-10
0.000339132 1.61448e-10
0.000341037 1.58091e-10
0.000342943 1.5488e-10
0.000344848 1.51734e-10
0.000346753 1.48576e-10
0.000348658 1.4534e-10
0.000350563 1.41984e-10
0.000352469 1.38496e-10
0.000354374 1.34895e-10
0.000356279 1.31231e-10
0.000358184 1.27574e-10
0.00036009 1.24006e-10
0.000361995 1.20607e-10
0.0003639 1.1744e-10
0.000365805 1.14542e-10
0.000367711 1.11915e-10
0.000369616 1.09533e-10
0.000371521 1.0734e-10
0.000373426 1.05265e-10
0.000375332 1.03236e-10
0.000377237 1.0119e-10
0.000379142 9.90858e-11
0.000381047 9.69047e-11
0.000382953 9.46551e-11
0.000384858 9.23646e-11
0.000386763 9.0072e-11
0.000388668 8.78182e-11
0.000390573 8.56373e-11
0.000392479 8.35513e-11
0.000394384 8.15679e-11
0.000396289 7.96823e-11
0.000398194 7.78811e-11
0.0004001 7.61468e-11
0.000402005 7.44629e-11
0.00040391 7.2817e-11
0.000405815 7.12022e-11
0.000407721 6.96166e-11
0.000409626 6.80616e-11
0.000411531 6.65404e-11
0.000413436 6.50557e-11
0.000415342 6.36093e-11
0.000417247 6.22012e-11
0.000419152 6.08302e-11
0.000421057 5.94944e-11
0.000422962 5.81921e-11
0.000424868 5.69215e-11
0.000426773 5.56815e-11
0.000428678 5.44715e-11
0.000430583 5.32908e-11
0.000432489 5.21388e-11
0.000434394 5.10148e-11
0.000436299 4.99179e-11
0.000438204 4.88472e-11
0.00044011 4.78017e-11
0.000442015 4.67807e-11
0.00044392 4.57832e-11
0.000445825 4.48084e-11
0.000447731 4.38556e-11
0.000449636 4.29236e-11
0.000451541 4.20111e-11
0.000453446 4.11168e-11
0.000455351 4.02389e-11
0.000457257 3.9375e-11
0.000459162 3.85228e-11
0.000461067 3.7679e-11
0.000462972 3.68398e-11
0.000464878 3.60005e-11
0.000466783 3.51559e-11
0.000468688 3.42996e-11
0.000470593 3.34245e-11
0.000472499 3.25225e-11
0.000474404 3.15849e-11
0.000476309 3.06022e-11
0.000478214 2.95648e-11
0.00048012 2.84628e-11
0.000482025 2.72862e-11
0.00048393 2.60254e-11
0.000485835 2.46714e-11
0.00048774 2.32154e-11
0.000489646 2.16491e-11
0.000491551 1.99647e-11
0.000493456 1.8154e-11
0.000495361 1.62087e-11
0.000497267 1.41205e-11
0.000499172 1.18809e-11
0.000501077 9.48207e-12
0.000502982 6.91808e-12
0.000504888 4.1868e-12
0.000506793 1.29185e-12
0.000508698 -1.7547e-12
0.000510603 -4.93062e-12
0.000512509 -8.20187e-12
0.000514414 -1.15237e-11
0.000516319 -1.48423e-11
0.000518224 -1.81008e-11
0.00052013 -2.12465e-11
0.000522035 -2.42412e-11
0.00052394 -2.70716e-11
0.000525845 -2.97596e-11
0.00052775 -3.23708e-11
0.000529656 -3.50158e-11
0.000531561 -3.78478e-11
0.000533466 -4.1049e-11
0.000535371 -4.48114e-11
0.000537277 -4.9308e-11
0.000539182 -5.46601e-11
0.000541087 -6.09027e-11
0.000542992 -6.79513e-11
0.000544898 -7.55762e-11
0.000546803 -8.33851e-11
0.000548708 -9.08191e-11
0.000550613 -9.71612e-11
0.000552519 -1.01558e-10
0.000554424 -1.03048e-10
0.000556329 -1.00609e-10
0.000558234 -9.31947e-11
0.000560139 -7.97915e-11
0.000562045 -5.9467e-11
0.00056395 -3.14256e-11
0.000565855 4.9337e-12
0.00056776 4.99586e-11
0.000569666 1.0368e-10
0.000571571 1.6575e-10
0.000573476 2.35382e-10
0.000575381 3.11304e-10
0.000577287 3.9172e-10
0.000579192 4.743e-10
0.000581097 5.56195e-10
0.000583002 6.34088e-10
0.000584908 7.04277e-10
0.000586813 7.62802e-10
0.000588718 8.05592e-10
0.000590623 8.28662e-10
0.000592528 8.28312e-10
0.000594434 8.01356e-10
0.000596339 7.45347e-10
0.000598244 6.58802e-10
0.000600149 5.41397e-10
0.000602055 3.9414e-10
0.00060396 2.19486e-10
0.000605865 2.13996e-11
0.00060777 -1.94659e-10
0.000609676 -4.2183e-10
0.000611581 -6.52042e-10
0.000613486 -8.76275e-10
0.000615391 -1.08492e-09
0.000617297 -1.26821e-09
0.000619202 -1.4167e-09
0.000621107 -1.52178e-09
0.000623012 -1.5762e-09
0.000624918 -1.57457e-09
0.000626823 -1.51379e-09
0.000628728 -1.3934e-09
0.000630633 -1.21579e-09
0.000632538 -9.86276e-10
0.000634444 -7.1298e-10
0.000636349 -4.06555e-10
0.000638254 -7.97216e-11
0.000640159 2.53352e-10
0.000642065 5.77792e-10
0.00064397 8.78843e-10
0.000645875 1.14272e-09
0.00064778 1.3574e-09
0.000649686 1.51332e-09
0.000651591 1.60394e-09
0.000653496 1.62597e-09
0.000655401 1.57954e-09
0.000657307 1.46791e-09
0.000659212 1.2972e-09
0.000661117 1.07571e-09
0.000663022 8.13398e-10
0.000664927 5.21227e-10
0.000666833 2.10668e-10
0.000668738 -1.0661e-10
0.000670643 -4.18854e-10
0.000672548 -7.1415e-10
0.000674454 -9.80243e-10
0.000676359 -1.20439e-09
0.000678264 -1.37341e-09
0.000680169 -1.47408e-09
0.000682075 -1.4941e-09
0.00068398 -1.42348e-09
0.000685885 -1.25649e-09
0.00068779 -9.93759e-10
0.000689696 -6.44298e-10
0.000691601 -2.26869e-10
0.000693506 2.29695e-10
0.000695411 6.87668e-10
0.000697316 1.10331e-09
0.000699222 1.4314e-09
0.000701127 1.63097e-09
0.000703032 1.67156e-09
0.000704937 1.53895e-09
0.000706843 1.2393e-09
0.000708748 8.00654e-10
0.000710653 2.71189e-10
0.000712558 -2.8598e-10
0.000714464 -8.00971e-10
0.000716369 -1.20715e-09
0.000718274 -1.45142e-09
0.000720179 -1.50293e-09
0.000722085 -1.3586e-09
0.00072399 -1.04411e-09
0.000725895 -6.10123e-10
0.0007278 -1.24046e-10
0.000729706 3.41135e-10
0.000731611 7.18991e-10
0.000733516 9.60455e-10
0.000735421 1.04127e-09
0.000737326 9.64697e-10
0.000739232 7.59106e-10
0.000741137 4.71087e-10
0.000743042 1.55682e-10
0.000744947 -1.34161e-10
0.000746853 -3.56759e-10
0.000748758 -4.87744e-10
0.000750663 -5.22063e-10
0.000752568 -4.71981e-10
0.000754474 -3.61962e-10
0.000756379 -2.21961e-10
0.000758284 -8.07679e-11
0.000760189 3.91479e-11
0.000762095 1.24447e-10
0.000764 1.71204e-10
0.000765905 1.83145e-10
0.00076781 1.68703e-10
0.000769715 1.37896e-10
0.000771621 9.98214e-11
0.000773526 6.12256e-11
0.000775431 2.61855e-11
0.000777336 -3.39341e-12
0.000779242 -2.69103e-11
0.000781147 -4.42712e-11
0.000783052 -5.54258e-11
0.000784957 -6.03061e-11
0.000786863 -5.90382e-11
0.000788768 -5.22229e-11
0.000790673 -4.10839e-11
0.000792578 -2.73873e-11
0.000794484 -1.31476e-11
0.000796389 -2.31883e-13
0.000798294 9.99037e-12
0.000800199 1.68423e-11
0.000802104 2.03311e-11
0.00080401 2.09762e-11
0.000805915 1.95529e-11
0.00080782 1.6854e-11
0.000809725 1.35309e-11
0.000811631 1.00389e-11
0.000813536 6.66324e-12
0.000815441 3.57969e-12
0.000817346 9.09404e-13
0.000819252 -1.25937e-12
0.000821157 -2.8757e-12
0.000823062 -3.94508e-12
0.000824967 -4.5366e-12
0.000826873 -4.77125e-12
0.000828778 -4.79024e-12
0.000830683 -4.71738e-12
0.000832588 -4.63074e-12
0.000834494 -4.55101e-12
0.000836399 -4.45101e-12
0.000838304 -4.27463e-12
0.000840209 -3.96122e-12
0.000842114 -3.46244e-12
0.00084402 -2.75467e-12
0.000845925 -1.84365e-12
0.00084783 -7.67722e-13
0.000849735 4.00951e-13
0.000851641 1.55843e-12
0.000853546 2.57541e-12
0.000855451 3.31396e-12
0.000857356 3.64818e-12
0.000859262 3.49167e-12
0.000861167 2.81852e-12
0.000863072 1.67761e-12
0.000864977 1.91534e-13
0.000866883 -1.45777e-12
0.000868788 -3.0549e-12
0.000870693 -4.38513e-12
0.000872598 -5.26718e-12
0.000874503 -5.58446e-12
0.000876409 -5.30329e-12
0.000878314 -4.48132e-12
0.000880219 -3.25786e-12
0.000882124 -1.83236e-12
0.00088403 -4.3048e-13
0.000885935 7.34779e-13
0.00088784 1.49874e-12
0.000889745 1.77299e-12
0.000891651 1.55589e-12
0.000893556 9.28998e-13
0.000895461 3.45632e-14
0.000897366 -9.5392e-13
0.000899272 -1.8674e-12
0.000901177 -2.57107e-12
0.000903082 -2.98518e-12
0.000904987 -3.09276e-12
0.000906892 -2.93291e-12
0.000908798 -2.58574e-12
0.000910703 -2.14835e-12
0.000912608 -1.71437e-12
0.000914513 -1.35466e-12
0.000916419 -1.10931e-12
0.000918324 -9.86047e-13
0.000920229 -9.67656e-13
0.000922134 -1.02333e-12
0.00092404 -1.11929e-12
0.000925945 -1.22898e-12
0.00092785 -1.33551e-12
0.000929755 -1.43316e-12
0.000931661 -1.52184e-12
0.000933566 -1.6042e-12
0.000935471 -1.68069e-12
0.000937376 -1.74849e-12
0.000939282 -1.80247e-12
0.000941187 -1.83674e-12
0.000943092 -1.84863e-12
0.000944997 -1.83889e-12
0.000946902 -1.81407e-12
0.000948808 -1.78334e-12
0.000950713 -1.75774e-12
0.000952618 -1.74671e-12
0.000954523 -1.75652e-12
0.000956429 -1.78978e-12
0.000958334 -1.84508e-12
0.000960239 -1.91957e-12
0.000962144 -2.00867e-12
0.00096405 -2.10896e-12
0.000965955 -2.21695e-12
0.00096786 -2.33017e-12
0.000969765 -2.44594e-12
0.000971671 -2.56127e-12
0.000973576 -2.6732e-12
0.000975481 -2.7782e-12
0.000977386 -2.87404e-12
0.000979291 -2.95872e-12
0.000981197 -3.0323e-12
0.000983102 -3.09538e-12
0.000985007 -3.14998e-12
0.000986912 -3.19839e-12
0.000988818 -3.24301e-12
0.000990723 -3.28659e-12
0.000992628 -3.33149e-12
0.000994533 -3.38101e-12
0.000996439 -3.43838e-12
0.000998344 -3.50821e-12
0.00100025 -3.59522e-12
0.00100215 -3.70493e-12
0.00100406 -3.84291e-12
0.00100596 -4.01435e-12
0.00100787 -4.2241e-12
0.00100978 -4.47576e-12
0.00101168 -4.77231e-12
0.00101359 -5.11486e-12
0.00101549 -5.50346e-12
0.0010174 -5.93634e-12
0.0010193 -6.41036e-12
0.00102121 -6.92107e-12
0.00102311 -7.46285e-12
0.00102502 -8.0296e-12
0.00102692 -8.61447e-12
0.00102883 -9.21089e-12
0.00103073 -9.81204e-12
0.00103264 -1.04117e-11
0.00103454 -1.10038e-11
0.00103645 -1.1583e-11
0.00103835 -1.21444e-11
0.00104026 -1.26831e-11
0.00104216 -1.31949e-11
0.00104407 -1.36757e-11
0.00104597 -1.4121e-11
0.00104788 -1.45261e-11
0.00104979 -1.48854e-11
0.00105169 -1.51924e-11
0.0010536 -1.5439e-11
0.0010555 -1.56155e-11
0.00105741 -1.57102e-11
0.00105931 -1.57096e-11
0.00106122 -1.55972e-11
0.00106312 -1.53547e-11
0.00106503 -1.49609e-11
0.00106693 -1.43927e-11
0.00106884 -1.36248e-11
0.00107074 -1.26302e-11
0.00107265 -1.13807e-11
0.00107455 -9.84807e-12
0.00107646 -8.00351e-12
0.00107836 -5.81921e-12
0.00108027 -3.26899e-12
0.00108217 -3.28904e-13
0.00108408 3.02187e-12
0.00108598 6.80044e-12
0.00108789 1.1018e-11
0.0010898 1.56794e-11
0.0010917 2.07801e-11
0.00109361 2.63047e-11
0.00109551 3.22234e-11
0.00109742 3.84891e-11
0.00109932 4.50343e-11
0.00110123 5.17676e-11
0.00110313 5.85724e-11
0.00110504 6.53035e-11
0.00110694 7.17889e-11
0.00110885 7.78301e-11
0.00111075 8.32053e-11
0.00111266 8.76742e-11
0.00111456 9.09846e-11
0.00111647 9.28808e-11
0.00111837 9.3112e-11
0.00112028 9.14435e-11
0.00112218 8.76662e-11
0.00112409 8.16092e-11
0.00112599 7.31493e-11
0.0011279 6.22225e-11
0.00112981 4.88335e-11
0.00113171 3.30641e-11
0.00113362 1.50811e-11
0.00113552 -4.86103e-12
0.00113743 -2.64156e-11
0.00113933 -4.91473e-11
0.00114124 -7.25356e-11
0.00114314 -9.59848e-11
0.00114505 -1.18837e-10
0.00114695 -1.4039e-10
0.00114886 -1.59916e-10
0.00115076 -1.7669e-10
0.00115267 -1.90013e-10
0.00115457 -1.99245e-10
0.00115648 -2.03829e-10
0.00115838 -2.03325e-10
0.00116029 -1.97433e-10
0.00116219 -1.8602e-10
0.0011641 -1.69136e-10
0.001166 -1.47029e-10
0.00116791 -1.2015e-10
0.00116982 -8.91505e-11
0.00117172 -5.48678e-11
0.00117363 -1.83074e-11
0.00117553 1.93896e-11
0.00117744 5.69843e-11
0.00117934 9.31857e-11
0.00118125 1.26702e-10
0.00118315 1.56291e-10
0.00118506 1.8082e-10
0.00118696 1.99308e-10
0.00118887 2.10982e-10
0.00119077 2.15308e-10
0.00119268 2.12027e-10
0.00119458 2.01173e-10
0.00119649 1.83081e-10
0.00119839 1.58381e-10
0.0012003 1.27983e-10
0.0012022 9.30464e-11
0.00120411 5.49384e-11
0.00120601 1.5182e-11
0.00120792 -2.46054e-11
0.00120983 -6.27801e-11
0.00121173 -9.77448e-11
0.00121364 -1.28023e-10
0.00121554 -1.52327e-10
0.00121745 -1.6963e-10
0.00121935 -1.79211e-10
0.00122126 -1.80703e-10
0.00122316 -1.74117e-10
0.00122507 -1.59845e-10
0.00122697 -1.38648e-10
0.00122888 -1.11621e-10
0.00123078 -8.01448e-11
0.00123269 -4.58164e-11
0.00123459 -1.03703e-11
0.0012365 2.44093e-11
0.0012384 5.67803e-11
0.00124031 8.51333e-11
0.00124221 1.08077e-10
0.00124412 1.24513e-10
0.00124602 1.33698e-10
0.00124793 1.35284e-10
0.00124984 1.29342e-10
0.00125174 1.16361e-10
0.00125365 9.72195e-11
0.00125555 7.3141e-11
0.00125746 4.56209e-11
0.00125936 1.634e-11
0.00126127 -1.29378e-11
0.00126317 -4.04725e-11
0.00126508 -6.46573e-11
0.00126698 -8.41186e-11
0.00126889 -9.78041e-11
0.00127079 -1.05048e-10
0.0012727 -1.0561e-10
0.0012746 -9.96912e-11
0.00127651 -8.79054e-11
0.00127841 -7.12362e-11
0.00128032 -5.09556e-11
0.00128222 -2.85284e-11
0.00128413 -5.50072e-12
0.00128603 1.66136e-11
0.00128794 3.64396e-11
0.00128984 5.28323e-11
0.00129175 6.49419e-11
0.00129366 7.22503e-11
0.00129556 7.45746e-11
0.00129747 7.20421e-11
0.00129937 6.50405e-11
0.00130128 5.41546e-11
0.00130318 4.01002e-11
0.00130509 2.36649e-11
0.00130699 5.66796e-12
0.0013089 -1.30588e-11
0.0013108 -3.16665e-11
0.00131271 -4.92703e-11
0.00131461 -6.49261e-11
0.00131652 -7.76198e-11
0.00131842 -8.62858e-11
0.00132033 -8.98665e-11
0.00132223 -8.74222e-11
0.00132414 -7.82823e-11
0.00132604 -6.2225e-11
0.00132795 -3.96532e-11
0.00132985 -1.17322e-11
0.00133176 1.95555e-11
0.00133367 5.14702e-11
0.00133557 8.07127e-11
0.00133748 1.03761e-10
0.00133938 1.17318e-10
0.00134129 1.18813e-10
0.00134319 1.06894e-10
0.0013451 8.18003e-11
0.001347 4.55554e-11
0.00134891 1.89788e-12
0.00135081 -4.40691e-11
0.00135272 -8.64928e-11
0.00135462 -1.1958e-10
0.00135653 -1.38481e-10
0.00135843 -1.40111e-10
0.00136034 -1.23748e-10
0.00136224 -9.12954e-11
0.00136415 -4.71162e-11
0.00136605 2.54415e-12
0.00136796 5.04911e-11
0.00136986 8.97146e-11
0.00137177 1.14534e-10
0.00137368 1.21548e-10
0.00137558 1.10206e-10
0.00137749 8.2891e-11
0.00137939 4.44865e-11
0.0013813 1.49721e-12
0.0013832 -3.91062e-11
0.00138511 -7.11053e-11
0.00138701 -9.00797e-11
0.00138892 -9.40862e-11
0.00139082 -8.38479e-11
0.00139273 -6.24367e-11
0.00139463 -3.45333e-11
0.00139654 -5.43649e-12
0.00139844 1.99656e-11
0.00140035 3.80496e-11
0.00140225 4.69756e-11
0.00140416 4.67936e-11
0.00140606 3.9157e-11
0.00140797 2.67486e-11
0.00140987 1.2579e-11
0.00141178 -6.69707e-13
0.00141369 -1.11142e-11
0.00141559 -1.78729e-11
0.0014175 -2.09987e-11
0.0014194 -2.12074e-11
0.00142131 -1.9508e-11
0.00142321 -1.68554e-11
0.00142512 -1.39158e-11
0.00142702 -1.0991e-11
0.00142893 -8.09213e-12
0.00143083 -5.10548e-12
0.00143274 -1.97493e-12
0.00143464 1.17267e-12
0.00143655 4.00351e-12
0.00143845 6.05659e-12
0.00144036 6.89406e-12
0.00144226 6.26207e-12
0.00144417 4.20358e-12
0.00144607 1.08079e-12
0.00144798 -2.50158e-12
0.00144988 -5.84725e-12
0.00145179 -8.34565e-12
0.0014537 -9.61907e-12
0.0014556 -9.5984e-12
0.00145751 -8.50795e-12
0.00145941 -6.77291e-12
0.00146132 -4.88311e-12
0.00146322 -3.25883e-12
0.00146513 -2.15772e-12
0.00146703 -1.6443e-12
0.00146894 -1.62169e-12
0.00147084 -1.90293e-12
0.00147275 -2.2932e-12
0.00147465 -2.65197e-12
0.00147656 -2.92012e-12
0.00147846 -3.109e-12
0.00148037 -3.26552e-12
0.00148227 -3.43209e-12
0.00148418 -3.61928e-12
0.00148608 -3.80152e-12
0.00148799 -3.9329e-12
0.00148989 -3.97404e-12
0.0014918 -3.91445e-12
0.00149371 -3.78164e-12
0.00149561 -3.63165e-12
0.00149752 -3.52703e-12
0.00149942 -3.51164e-12
0.00150133 -3.59345e-12
0.00150323 -3.74225e-12
0.00150514 -3.90241e-12
0.00150704 -4.01563e-12
0.00150895 -4.04283e-12
0.00151085 -3.97817e-12
0.00151276 -3.84941e-12
0.00151466 -3.70673e-12
0.00151657 -3.6042e-12
0.00151847 -3.58257e-12
0.00152038 -3.65848e-12
0.00152228 -3.82322e-12
0.00152419 -4.05005e-12
0.00152609 -4.30521e-12
0.001528 -4.55874e-12
0.0015299 -4.79011e-12
0.00153181 -4.98993e-12
0.00153372 -5.15678e-12
0.00153562 -5.29366e-12
0.00153753 -5.40479e-12
0.00153943 -5.495e-12
0.00154134 -5.57046e-12
0.00154324 -5.63961e-12
0.00154515 -5.71354e-12
0.00154705 -5.80352e-12
0.00154896 -5.91859e-12
0.00155086 -6.06212e-12
0.00155277 -6.2311e-12
0.00155467 -6.41648e-12
0.00155658 -6.60608e-12
0.00155848 -6.78787e-12
0.00156039 -6.95266e-12
0.00156229 -7.09587e-12
0.0015642 -7.21668e-12
0.0015661 -7.31701e-12
0.00156801 -7.3987e-12
0.00156991 -7.46271e-12
0.00157182 -7.50784e-12
0.00157373 -7.53117e-12
0.00157563 -7.52842e-12
0.00157754 -7.49447e-12
0.00157944 -7.42411e-12
0.00158135 -7.31194e-12
0.00158325 -7.15346e-12
0.00158516 -6.94446e-12
0.00158706 -6.68198e-12
0.00158897 -6.36375e-12
0.00159087 -5.98832e-12
0.00159278 -5.55406e-12
0.00159468 -5.05854e-12
0.00159659 -4.49818e-12
0.00159849 -3.8679e-12
0.0016004 -3.16266e-12
0.0016023 -2.37784e-12
0.00160421 -1.51118e-12
0.00160611 -5.62618e-13
0.00160802 4.64821e-13
0.00160992 1.56608e-12
0.00161183 2.73464e-12
0.00161374 3.9631e-12
0.00161564 5.24381e-12
0.00161755 6.56806e-12
0.00161945 7.92605e-12
0.00162136 9.30536e-12
0.00162326 1.06914e-11
0.00162517 1.20664e-11
0.00162707 1.34104e-11
0.00162898 1.47005e-11
0.00163088 1.59123e-11
0.00163279 1.70191e-11
0.00163469 1.79927e-11
0.0016366 1.88035e-11
0.0016385 1.94202e-11
0.00164041 1.9811e-11
0.00164231 1.99434e-11
0.00164422 1.9786e-11
0.00164612 1.93089e-11
0.00164803 1.84849e-11
0.00164993 1.72907e-11
0.00165184 1.5708e-11
0.00165375 1.3725e-11
0.00165565 1.13368e-11
0.00165756 8.54737e-12
0.00165946 5.36912e-12
0.00166137 1.82492e-12
0.00166327 -2.05221e-12
0.00166518 -6.21825e-12
0.00166708 -1.06182e-11
0.00166899 -1.5186e-11
0.00167089 -1.9845e-11
0.0016728 -2.45089e-11
0.0016747 -2.90827e-11
0.00167661 -3.34653e-11
0.00167851 -3.75505e-11
0.00168042 -4.12311e-11
0.00168232 -4.44002e-11
0.00168423 -4.69556e-11
0.00168613 -4.88029e-11
0.00168804 -4.98583e-11
0.00168994 -5.00532e-11
0.00169185 -4.93361e-11
0.00169376 -4.76767e-11
0.00169566 -4.50675e-11
0.00169757 -4.1526e-11
0.00169947 -3.70957e-11
0.00170138 -3.18461e-11
0.00170328 -2.58732e-11
0.00170519 -1.92972e-11
0.00170709 -1.22615e-11
0.001709 -4.92902e-12
0.0017109 2.5209e-12
0.00171281 9.8978e-12
0.00171471 1.70046e-11
0.00171662 2.36443e-11
0.00171852 2.96256e-11
0.00172043 3.47702e-11
0.00172233 3.89191e-11
0.00172424 4.19389e-11
0.00172614 4.37275e-11
0.00172805 4.42188e-11
0.00172995 4.33871e-11
0.00173186 4.12484e-11
0.00173377 3.78621e-11
0.00173567 3.33294e-11
0.00173758 2.77915e-11
0.00173948 2.14255e-11
0.00174139 1.44384e-11
0.00174329 7.06084e-12
0.0017452 -4.61087e-13
0.0017471 -7.87412e-12
0.00174901 -1.49274e-11
0.00175091 -2.13816e-11
0.00175282 -2.70179e-11
0.00175472 -3.1647e-11
0.00175663 -3.51165e-11
0.00175853 -3.73177e-11
0.00176044 -3.81896e-11
0.00176234 -3.77232e-11
0.00176425 -3.59611e-11
0.00176615 -3.29972e-11
0.00176806 -2.89727e-11
0.00176996 -2.40706e-11
0.00177187 -1.85086e-11
0.00177378 -1.25297e-11
0.00177568 -6.39232e-12
0.00177759 -3.58661e-13
0.00177949 5.31599e-12
0.0017814 1.0395e-11
0.0017833 1.46702e-11
0.00178521 1.79719e-11
0.00178711 2.01757e-11
0.00178902 2.12087e-11
0.00179092 2.10524e-11
0.00179283 1.97433e-11
0.00179473 1.73711e-11
0.00179664 1.40745e-11
0.00179854 1.00337e-11
0.00180045 5.46184e-12
0.00180235 5.94209e-13
0.00180426 -4.32355e-12
0.00180616 -9.04773e-12
0.00180807 -1.33486e-11
0.00180997 -1.7022e-11
0.00181188 -1.98992e-11
0.00181378 -2.1855e-11
0.00181569 -2.28134e-11
0.0018176 -2.2751e-11
0.0018195 -2.16971e-11
0.00182141 -1.97316e-11
0.00182331 -1.69799e-11
0.00182522 -1.36059e-11
0.00182712 -9.80291e-12
0.00182903 -5.78302e-12
0.00183093 -1.76615e-12
0.00183284 2.032e-12
0.00183474 5.41094e-12
0.00183665 8.19617e-12
0.00183855 1.02481e-11
0.00184046 1.14695e-11
0.00184236 1.18106e-11
0.00184427 1.12715e-11
0.00184617 9.90185e-12
0.00184808 7.79794e-12
0.00184998 5.09691e-12
0.00185189 1.96839e-12
0.00185379 -1.39545e-12
0.0018557 -4.79167e-12
0.00185761 -8.01881e-12
0.00185951 -1.0889e-11
0.00186142 -1.32392e-11
0.00186332 -1.49411e-11
0.00186523 -1.59083e-11
0.00186713 -1.61006e-11
0.00186904 -1.55267e-11
0.00187094 -1.42418e-11
0.00187285 -1.23439e-11
0.00187475 -9.96658e-12
0.00187666 -7.27055e-12
0.00187856 -4.433e-12
0.00188047 -1.63615e-12
0.00188237 9.43793e-13
0.00188428 3.14815e-12
0.00188618 4.84509e-12
0.00188809 5.93831e-12
0.00188999 6.37257e-12
0.0018919 6.13739e-12
0.0018938 5.26726e-12
0.00189571 3.83896e-12
0.00189762 1.96613e-12
0.00189952 -2.09291e-13
0.00190143 -2.52703e-12
0.00190333 -4.82089e-12
0.00190524 -6.93057e-12
0.00190714 -8.71409e-12
0.00190905 -1.00579e-11
0.00191095 -1.08849e-11
0.00191286 -1.11597e-11
0.00191476 -1.08897e-11
0.00191667 -1.01231e-11
0.00191857 -8.94261e-12
0.00192048 -7.45728e-12
0.00192238 -5.79146e-12
0.00192429 -4.07381e-12
0.00192619 -2.42574e-12
0.0019281 -9.52283e-13
0.00193 2.65029e-13
0.00193191 1.17189e-12
0.00193381 1.74108e-12
0.00193572 1.96996e-12
0.00193763 1.87444e-12
0.00193953 1.48297e-12
0.00194144 8.2937e-13
0.00194334 -5.15228e-14
0.00194525 -1.12663e-12
0.00194715 -2.36326e-12
0.00194906 -3.72495e-12
0.00195096 -5.16512e-12
0.00195287 -6.61988e-12
0.00195477 -8.0031e-12
0.00195668 -9.2045e-12
0.00195858 -1.0095e-11
0.00196049 -1.05374e-11
0.00196239 -1.04059e-11
0.0019643 -9.6085e-12
0.0019662 -8.11233e-12
0.00196811 -5.96548e-12
0.00197001 -3.31059e-12
0.00197192 -3.86247e-13
0.00197382 2.48853e-12
0.00197573 4.9457e-12
0.00197764 6.61552e-12
0.00197954 7.1821e-12
0.00198145 6.44133e-12
0.00198335 4.34917e-12
0.00198526 1.05209e-12
0.00198716 -3.10978e-12
0.00198907 -7.6312e-12
0.00199097 -1.19013e-11
0.00199288 -1.52887e-11
0.00199478 -1.72394e-11
0.00199669 -1.73736e-11
0.00199859 -1.55622e-11
0.0020005 -1.19694e-11
0.0020024 -7.04894e-12
0.00200431 -1.49053e-12
0.00200621 3.87829e-12
0.00200812 8.22127e-12
0.00201002 1.08323e-11
0.00201193 1.12611e-11
0.00201383 9.39959e-12
0.00201574 5.51389e-12
0.00201765 2.10114e-13
0.00201955 -5.66043e-12
0.00202146 -1.11443e-11
0.00202336 -1.53501e-11
0.00202527 -1.76057e-11
0.00202717 -1.75782e-11
0.00202908 -1.53321e-11
0.00203098 -1.13156e-11
0.00203289 -6.27499e-12
0.00203479 -1.1145e-12
0.0020367 3.27277e-12
0.0020386 6.16765e-12
0.00204051 7.15198e-12
0.00204241 6.17351e-12
0.00204432 3.53832e-12
0.00204622 -1.65857e-13
0.00204813 -4.19884e-12
0.00205003 -7.8189e-12
0.00205194 -1.04267e-11
0.00205384 -1.16694e-11
0.00205575 -1.14891e-11
0.00205766 -1.01056e-11
0.00205956 -7.94466e-12
0.00206147 -5.52941e-12
0.00206337 -3.36195e-12
0.00206528 -1.82286e-12
0.00206718 -1.10756e-12
0.00206909 -1.21232e-12
0.00207099 -1.96463e-12
0.0020729 -3.08938e-12
0.0020748 -4.2871e-12
0.00207671 -5.30725e-12
0.00207861 -5.99665e-12
0.00208052 -6.31616e-12
0.00208242 -6.32519e-12
0.00208433 -6.14263e-12
0.00208623 -5.90022e-12
0.00208814 -5.69977e-12
0.00209004 -5.5893e-12
0.00209195 -5.55903e-12
0.00209385 -5.55871e-12
0.00209576 -5.52489e-12
0.00209767 -5.41015e-12
0.00209957 -5.20293e-12
0.00210148 -4.93183e-12
0.00210338 -4.65547e-12
0.00210529 -4.44e-12
0.00210719 -4.33564e-12
0.0021091 -4.35675e-12
0.002111 -4.47586e-12
0.00211291 -4.62987e-12
0.00211481 -4.73881e-12
0.00211672 -4.729e-12
0.00211862 -4.55405e-12
0.00212053 -4.20733e-12
0.00212243 -3.72124e-12
0.00212434 -3.15679e-12
0.00212624 -2.58395e-12
0.00212815 -2.06273e-12
0.00213005 -1.62742e-12
0.00213196 -1.28113e-12
0.00213386 -9.98918e-13
0.00213577 -7.39054e-13
0.00213768 -4.57727e-13
0.00213958 -1.21403e-13
0.00214149 2.8464e-13
0.00214339 7.55927e-13
0.0021453 1.27228e-12
0.0021472 1.80664e-12
0.00214911 2.33213e-12
0.00215101 2.828e-12
0.00215292 3.28115e-12
0.00215482 3.68458e-12
0.00215673 4.03434e-12
0.00215863 4.32585e-12
0.00216054 4.55328e-12
0.00216244 4.70901e-12
0.00216435 4.78646e-12
0.00216625 4.78134e-12
0.00216816 4.69339e-12
0.00217006 4.52513e-12
0.00217197 4.27984e-12
0.00217387 3.95879e-12
0.00217578 3.55853e-12
0.00217769 3.07101e-12
0.00217959 2.48445e-12
0.0021815 1.78732e-12
0.0021834 9.7106e-13
0.00218531 3.3884e-14
0.00218721 -1.01861e-12
0.00218912 -2.1738e-12
0.00219102 -3.41429e-12
0.00219293 -4.72084e-12
0.00219483 -6.07419e-12
0.00219674 -7.45674e-12
0.00219864 -8.85143e-12
0.00220055 -1.02413e-11
0.00220245 -1.16072e-11
0.00220436 -1.29281e-11
0.00220626 -1.41799e-11
0.00220817 -1.53372e-11
0.00221007 -1.63747e-11
0.00221198 -1.7268e-11
0.00221388 -1.79948e-11
0.00221579 -1.85351e-11
0.0022177 -1.88709e-11
0.0022196 -1.89859e-11
0.00222151 -1.88662e-11
0.00222341 -1.85008e-11
0.00222532 -1.78832e-11
0.00222722 -1.70125e-11
0.00222913 -1.58946e-11
0.00223103 -1.45426e-11
0.00223294 -1.29756e-11
0.00223484 -1.12189e-11
0.00223675 -9.30193e-12
0.00223865 -7.25803e-12
0.00224056 -5.12383e-12
0.00224246 -2.93939e-12
0.00224437 -7.48065e-13
0.00224627 1.40385e-12
0.00224818 3.46795e-12
0.00225008 5.3954e-12
0.00225199 7.13863e-12
0.00225389 8.65352e-12
0.0022558 9.90088e-12
0.00225771 1.0848e-11
0.00225961 1.14691e-11
0.00226152 1.17464e-11
0.00226342 1.16696e-11
0.00226533 1.12375e-11
0.00226723 1.04573e-11
0.00226914 9.34594e-12
0.00227104 7.9298e-12
0.00227295 6.24447e-12
0.00227485 4.33411e-12
0.00227676 2.25013e-12
0.00227866 4.9771e-14
0.00228057 -2.20586e-12
0.00228247 -4.45345e-12
0.00228438 -6.62946e-12
0.00228628 -8.67178e-12
0.00228819 -1.05219e-11
0.00229009 -1.21266e-11
0.002292 -1.344e-11
0.0022939 -1.4425e-11
0.00229581 -1.50552e-11
0.00229772 -1.53152e-11
0.00229962 -1.52019e-11
0.00230153 -1.47243e-11
0.00230343 -1.39033e-11
0.00230534 -1.27711e-11
0.00230724 -1.13703e-11
0.00230915 -9.75263e-12
0.00231105 -7.97689e-12
0.00231296 -6.1073e-12
0.00231486 -4.21099e-12
0.00231677 -2.35534e-12
0.00231867 -6.05787e-13
0.00232058 9.77045e-13
0.00232248 2.33898e-12
0.00232439 3.43504e-12
0.00232629 4.23028e-12
0.0023282 4.70172e-12
0.0023301 4.83883e-12
0.00233201 4.64416e-12
0.00233391 4.13331e-12
0.00233582 3.334e-12
0.00233772 2.28545e-12
0.00233963 1.03583e-12
0.00234154 -3.58915e-13
0.00234344 -1.83836e-12
0.00234535 -3.33935e-12
0.00234725 -4.79941e-12
0.00234916 -6.15885e-12
0.00235106 -7.36334e-12
0.00235297 -8.3665e-12
0.00235487 -9.13107e-12
0.00235678 -9.6314e-12
0.00235868 -9.85333e-12
0.00236059 -9.79589e-12
0.00236249 -9.46988e-12
0.0023644 -8.89822e-12
0.0023663 -8.11415e-12
0.00236821 -7.15976e-12
0.00237011 -6.08416e-12
0.00237202 -4.94054e-12
0.00237392 -3.78462e-12
0.00237583 -2.67065e-12
0.00237773 -1.6504e-12
0.00237964 -7.69296e-13
0.00238155 -6.54373e-14
0.00238345 4.3296e-13
0.00238536 7.08295e-13
0.00238726 7.54181e-13
0.00238917 5.76195e-13
0.00239107 1.90173e-13
0.00239298 -3.77289e-13
0.00239488 -1.09193e-12
0.00239679 -1.91226e-12
0.00239869 -2.79317e-12
0.0024006 -3.68725e-12
0.0024025 -4.54772e-12
0.00240441 -5.33104e-12
0.00240631 -5.99834e-12
0.00240822 -6.5185e-12
0.00241012 -6.86818e-12
0.00241203 -7.0346e-12
0.00241393 -7.01421e-12
0.00241584 -6.81433e-12
0.00241774 -6.4515e-12
0.00241965 -5.95083e-12
0.00242156 -5.34447e-12
0.00242346 -4.6692e-12
0.00242537 -3.96531e-12
0.00242727 -3.27271e-12
0.00242918 -2.63053e-12
0.00243108 -2.07318e-12
0.00243299 -1.62985e-12
0.00243489 -1.32199e-12
0.0024368 -1.1629e-12
0.0024387 -1.15709e-12
0.00244061 -1.29955e-12
0.00244251 -1.57757e-12
0.00244442 -1.9701e-12
0.00244632 -2.4508e-12
0.00244823 -2.98817e-12
0.00245013 -3.54896e-12
0.00245204 -4.09898e-12
0.00245394 -4.6057e-12
0.00245585 -5.04039e-12
0.00245775 -5.37886e-12
0.00245966 -5.60397e-12
0.00246157 -5.70508e-12
0.00246347 -5.68018e-12
0.00246538 -5.53411e-12
0.00246728 -5.27961e-12
0.00246919 -4.9355e-12
0.00247109 -4.5256e-12
0.002473 -4.07758e-12
0.0024749 -3.62042e-12
0.00247681 -3.18378e-12
0.00247871 -2.79454e-12
0.00248062 -2.47686e-12
0.00248252 -2.24916e-12
0.00248443 -2.12407e-12
0.00248633 -2.10706e-12
0.00248824 -2.19643e-12
0.00249014 -2.38374e-12
0.00249205 -2.65359e-12
0.00249395 -2.98627e-12
0.00249586 -3.35751e-12
0.00249776 -3.74167e-12
0.00249967 -4.11237e-12
0.00250158 -4.44523e-12
0.00250348 -4.71889e-12
0.00250539 -4.91645e-12
0.00250729 -5.02721e-12
0.0025092 -5.04599e-12
0.0025111 -4.97473e-12
0.00251301 -4.82087e-12
0.00251491 -4.59803e-12
0.00251682 -4.32365e-12
0.00251872 -4.0187e-12
0.00252063 -3.70583e-12
0.00252253 -3.40746e-12
0.00252444 -3.14503e-12
0.00252634 -2.9365e-12
0.00252825 -2.79631e-12
0.00253015 -2.73294e-12
0.00253206 -2.7498e-12
0.00253396 -2.84392e-12
0.00253587 -3.00666e-12
0.00253777 -3.22449e-12
0.00253968 -3.47963e-12
0.00254159 -3.7523e-12
0.00254349 -4.02116e-12
0.0025454 -4.26659e-12
0.0025473 -4.47088e-12
0.00254921 -4.6207e-12
0.00255111 -4.7076e-12
0.00255302 -4.72885e-12
0.00255492 -4.68748e-12
0.00255683 -4.59127e-12
0.00255873 -4.45277e-12
0.00256064 -4.28656e-12
0.00256254 -4.10904e-12
0.00256445 -3.93572e-12
0.00256635 -3.78068e-12
0.00256826 -3.65478e-12
0.00257016 -3.56534e-12
0.00257207 -3.51632e-12
0.00257397 -3.50779e-12
0.00257588 -3.53779e-12
0.00257778 -3.60211e-12
0.00257969 -3.69641e-12
0.0025816 -3.81595e-12
0.0025835 -3.95695e-12
0.00258541 -4.11613e-12
0.00258731 -4.29008e-12
0.00258922 -4.47507e-12
0.00259112 -4.66509e-12
0.00259303 -4.85197e-12
0.00259493 -5.02364e-12
0.00259684 -5.16556e-12
0.00259874 -5.2607e-12
0.00260065 -5.29217e-12
0.00260255 -5.24586e-12
0.00260446 -5.11338e-12
0.00260636 -4.89562e-12
0.00260827 -4.60425e-12
0.00261017 -4.26371e-12
0.00261208 -3.90901e-12
0.00261398 -3.58356e-12
0.00261589 -3.33338e-12
0.00261779 -3.20074e-12
0.0026197 -3.21681e-12
0.00262161 -3.3948e-12
0.00262351 -3.72572e-12
0.00262542 -4.1756e-12
0.00262732 -4.68848e-12
0.00262923 -5.19142e-12
0.00263113 -5.60471e-12
0.00263304 -5.85309e-12
0.00263494 -5.87838e-12
0.00263685 -5.65051e-12
0.00263875 -5.17434e-12
0.00264066 -4.49262e-12
0.00264256 -3.68123e-12
0.00264447 -2.83999e-12
0.00264637 -2.07739e-12
0.00264828 -1.49382e-12
0.00265018 -1.1643e-12
0.00265209 -1.12469e-12
0.00265399 -1.36429e-12
0.0026559 -1.82523e-12
0.0026578 -2.41117e-12
0.00265971 -3.00203e-12
0.00266162 -3.47452e-12
0.00266352 -3.72304e-12
0.00266543 -3.67866e-12
0.00266733 -3.32189e-12
0.00266924 -2.68652e-12
0.00267114 -1.85455e-12
0.00267305 -9.41419e-13
0.00267495 -7.61401e-14
0.00267686 6.22168e-13
0.00267876 1.06485e-12
0.00268067 1.20893e-12
0.00268257 1.06345e-12
0.00268448 6.85576e-13
0.00268638 1.68176e-13
0.00268829 -3.79905e-13
0.00269019 -8.5494e-13
0.0026921 -1.17861e-12
0.002694 -1.31163e-12
0.00269591 -1.25924e-12
0.00269781 -1.06768e-12
0.00269972 -8.11959e-13
0.00270163 -5.79356e-13
0.00270353 -4.50377e-13
0.00270544 -4.83684e-13
0.00270734 -7.05558e-13
0.00270925 -1.10791e-12
0.00271115 -1.65325e-12
0.00271306 -2.28551e-12
0.00271496 -2.94418e-12
0.00271687 -3.57695e-12
0.00271877 -4.15017e-12
0.00272068 -4.65231e-12
0.00272258 -5.09295e-12
0.00272449 -5.49563e-12
0.00272639 -5.88893e-12
0.0027283 -6.29693e-12
0.0027302 -6.73193e-12
0.00273211 -7.19189e-12
0.00273401 -7.66084e-12
0.00273592 -8.11461e-12
0.00273782 -8.52648e-12
0.00273973 -8.87443e-12
0.00274164 -9.14491e-12
0.00274354 -9.3344e-12
0.00274545 -9.4477e-12
0.00274735 -9.49335e-12
0.00274926 -9.47964e-12
0.00275116 -9.40958e-12
0.00275307 -9.28026e-12
0.00275497 -9.08254e-12
0.00275688 -8.80514e-12
0.00275878 -8.43827e-12
0.00276069 -7.97805e-12
0.00276259 -7.42916e-12
0.0027645 -6.80464e-12
0.0027664 -6.12456e-12
0.00276831 -5.41127e-12
0.00277021 -4.68628e-12
0.00277212 -3.9658e-12
0.00277402 -3.2601e-12
0.00277593 -2.5736e-12
0.00277783 -1.90767e-12
0.00277974 -1.26425e-12
0.00278165 -6.48562e-13
0.00278355 -7.18584e-14
0.00278546 4.49661e-13
0.00278736 8.95758e-13
0.00278927 1.24652e-12
0.00279117 1.48518e-12
0.00279308 1.60152e-12
0.00279498 1.59304e-12
0.00279689 1.46431e-12
0.00279879 1.22551e-12
0.0028007 8.88966e-13
0.0028026 4.67544e-13
0.00280451 -2.79456e-14
0.00280641 -5.88082e-13
0.00280832 -1.20464e-12
0.00281022 -1.86834e-12
0.00281213 -2.56739e-12
0.00281403 -3.28657e-12
0.00281594 -4.0069e-12
0.00281784 -4.70753e-12
0.00281975 -5.36674e-12
0.00282165 -5.96498e-12
0.00282356 -6.48558e-12
0.00282547 -6.9163e-12
0.00282737 -7.24871e-12
0.00282928 -7.47764e-12
0.00283118 -7.60028e-12
0.00283309 -7.61516e-12
0.00283499 -7.5225e-12
0.0028369 -7.32406e-12
0.0028388 -7.02471e-12
0.00284071 -6.63258e-12
0.00284261 -6.16017e-12
0.00284452 -5.62376e-12
0.00284642 -5.04271e-12
0.00284833 -4.43818e-12
0.00285023 -3.83132e-12
0.00285214 -3.24237e-12
0.00285404 -2.68937e-12
0.00285595 -2.18828e-12
0.00285785 -1.75264e-12
0.00285976 -1.39414e-12
0.00286166 -1.12242e-12
0.00286357 -9.45108e-13
0.00286548 -8.67256e-13
0.00286738 -8.90648e-13
0.00286929 -1.01339e-12
0.00287119 -1.22943e-12
0.0028731 -1.52888e-12
0.002875 -1.89843e-12
0.00287691 -2.32234e-12
0.00287881 -2.78325e-12
0.00288072 -3.26316e-12
0.00288262 -3.74407e-12
0.00288453 -4.20851e-12
0.00288643 -4.63994e-12
0.00288834 -5.02309e-12
0.00289024 -5.34446e-12
0.00289215 -5.59288e-12
0.00289405 -5.76006e-12
0.00289596 -5.84116e-12
0.00289786 -5.8351e-12
0.00289977 -5.7445e-12
0.00290167 -5.57563e-12
0.00290358 -5.33774e-12
0.00290549 -5.04271e-12
0.00290739 -4.7042e-12
0.0029093 -4.33736e-12
0.0029112 -3.95802e-12
0.00291311 -3.58234e-12
0.00291501 -3.22616e-12
0.00291692 -2.90432e-12
0.00291882 -2.63008e-12
0.00292073 -2.41424e-12
0.00292263 -2.26488e-12
0.00292454 -2.18662e-12
0.00292644 -2.18087e-12
0.00292835 -2.24558e-12
0.00293025 -2.3757e-12
0.00293216 -2.56343e-12
0.00293406 -2.79868e-12
0.00293597 -3.06961e-12
0.00293787 -3.36284e-12
0.00293978 -3.66442e-12
0.00294168 -3.95995e-12
0.00294359 -4.2357e-12
0.0029455 -4.47896e-12
0.0029474 -4.67898e-12
0.00294931 -4.82735e-12
0.00295121 -4.91835e-12
0.00295312 -4.94941e-12
0.00295502 -4.92075e-12
0.00295693 -4.83566e-12
0.00295883 -4.69978e-12
0.00296074 -4.52133e-12
0.00296264 -4.31015e-12
0.00296455 -4.07764e-12
0.00296645 -3.83601e-12
0.00296836 -3.59768e-12
0.00297026 -3.37475e-12
0.00297217 -3.1781e-12
0.00297407 -3.01723e-12
0.00297598 -2.89924e-12
0.00297788 -2.82909e-12
0.00297979 -2.80892e-12
0.00298169 -2.83837e-12
0.0029836 -2.91447e-12
0.00298551 -3.03193e-12
0.00298741 -3.18354e-12
0.00298932 -3.36028e-12
0.00299122 -3.5522e-12
0.00299313 -3.74858e-12
0.00299503 -3.93888e-12
0.00299694 -4.11295e-12
0.00299884 -4.26194e-12
0.00300075 -4.37847e-12
0.00300265 -4.45716e-12
0.00300456 -4.49488e-12
0.00300646 -4.49072e-12
0.00300837 -4.44621e-12
0.00301027 -4.36491e-12
0.00301218 -4.25257e-12
0.00301408 -4.11634e-12
0.00301599 -3.96469e-12
0.00301789 -3.80673e-12
0.0030198 -3.65169e-12
0.0030217 -3.50842e-12
0.00302361 -3.38481e-12
0.00302552 -3.28753e-12
0.00302742 -3.22141e-12
0.00302933 -3.18953e-12
0.00303123 -3.1928e-12
0.00303314 -3.23022e-12
0.00303504 -3.29872e-12
0.00303695 -3.39359e-12
0.00303885 -3.50865e-12
0.00304076 -3.63667e-12
0.00304266 -3.76986e-12
0.00304457 -3.9003e-12
0.00304647 -4.02047e-12
0.00304838 -4.12363e-12
0.00305028 -4.20432e-12
0.00305219 -4.25853e-12
0.00305409 -4.28398e-12
0.003056 -4.28021e-12
0.0030579 -4.24859e-12
0.00305981 -4.19217e-12
0.00306171 -4.11544e-12
0.00306362 -4.02413e-12
0.00306553 -3.92471e-12
0.00306743 -3.82402e-12
0.00306934 -3.72881e-12
0.00307124 -3.64535e-12
0.00307315 -3.57897e-12
0.00307505 -3.53384e-12
0.00307696 -3.51271e-12
0.00307886 -3.51672e-12
0.00308077 -3.54544e-12
0.00308267 -3.59692e-12
0.00308458 -3.66782e-12
0.00308648 -3.75365e-12
0.00308839 -3.84912e-12
0.00309029 -3.94849e-12
0.0030922 -4.04593e-12
0.0030941 -4.13588e-12
0.00309601 -4.21352e-12
0.00309791 -4.27487e-12
0.00309982 -4.31719e-12
0.00310172 -4.33904e-12
0.00310363 -4.34038e-12
0.00310554 -4.32247e-12
0.00310744 -4.28783e-12
0.00310935 -4.24004e-12
0.00311125 -4.18341e-12
0.00311316 -4.12273e-12
0.00311506 -4.06294e-12
0.00311697 -4.00878e-12
0.00311887 -3.96438e-12
0.00312078 -3.93315e-12
0.00312268 -3.91739e-12
0.00312459 -3.91823e-12
0.00312649 -3.93548e-12
0.0031284 -3.96776e-12
0.0031303 -4.01248e-12
0.00313221 -4.06608e-12
0.00313411 -4.12436e-12
0.00313602 -4.18263e-12
0.00313792 -4.23619e-12
0.00313983 -4.28055e-12
0.00314173 -4.31189e-12
0.00314364 -4.32709e-12
0.00314555 -4.32415e-12
0.00314745 -4.30219e-12
0.00314936 -4.26148e-12
0.00315126 -4.20342e-12
0.00315317 -4.13038e-12
0.00315507 -4.04556e-12
0.00315698 -3.95257e-12
0.00315888 -3.85542e-12
0.00316079 -3.75795e-12
0.00316269 -3.66375e-12
0.0031646 -3.57578e-12
0.0031665 -3.49627e-12
0.00316841 -3.42649e-12
0.00317031 -3.36666e-12
0.00317222 -3.31612e-12
0.00317412 -3.27312e-12
0.00317603 -3.23527e-12
0.00317793 -3.19948e-12
0.00317984 -3.16251e-12
0.00318174 -3.12099e-12
0.00318365 -3.07193e-12
0.00318556 -3.01295e-12
0.00318746 -2.9425e-12
0.00318937 -2.8601e-12
0.00319127 -2.7663e-12
0.00319318 -2.66296e-12
0.00319508 -2.5527e-12
0.00319699 -2.43914e-12
0.00319889 -2.32627e-12
0.0032008 -2.21837e-12
0.0032027 -2.11947e-12
0.00320461 -2.03317e-12
0.00320651 -1.96241e-12
0.00320842 -1.90907e-12
0.00321032 -1.87434e-12
0.00321223 -1.85833e-12
0.00321413 -1.86062e-12
0.00321604 -1.88013e-12
0.00321794 -1.91572e-12
0.00321985 -1.96613e-12
0.00322175 -2.03035e-12
0.00322366 -2.10772e-12
0.00322557 -2.19779e-12
0.00322747 -2.30042e-12
0.00322938 -2.41536e-12
0.00323128 -2.54239e-12
0.00323319 -2.68063e-12
0.00323509 -2.82888e-12
0.003237 -2.98525e-12
0.0032389 -3.14745e-12
0.00324081 -3.31299e-12
0.00324271 -3.4795e-12
0.00324462 -3.64535e-12
0.00324652 -3.80968e-12
0.00324843 -3.97314e-12
0.00325033 -4.13753e-12
0.00325224 -4.30589e-12
0.00325414 -4.48175e-12
0.00325605 -4.66862e-12
0.00325795 -4.86888e-12
0.00325986 -5.08285e-12
0.00326176 -5.3082e-12
0.00326367 -5.53911e-12
0.00326558 -5.76667e-12
0.00326748 -5.97908e-12
0.00326939 -6.16314e-12
0.00327129 -6.30542e-12
0.0032732 -6.39433e-12
0.0032751 -6.42183e-12
0.00327701 -6.38479e-12
0.00327891 -6.28599e-12
0.00328082 -6.13394e-12
0.00328272 -5.94223e-12
0.00328463 -5.72742e-12
0.00328653 -5.5071e-12
0.00328844 -5.29687e-12
0.00329034 -5.1081e-12
0.00329225 -4.94591e-12
0.00329415 -4.80835e-12
0.00329606 -4.68668e-12
0.00329796 -4.56679e-12
0.00329987 -4.43202e-12
0.00330177 -4.26603e-12
0.00330368 -4.0564e-12
0.00330559 -3.79718e-12
0.00330749 -3.49097e-12
0.0033094 -3.14905e-12
0.0033113 -2.79041e-12
0.00331321 -2.43928e-12
0.00331511 -2.12143e-12
0.00331702 -1.86055e-12
0.00331892 -1.67444e-12
0.00332083 -1.5726e-12
0.00332273 -1.55475e-12
0.00332464 -1.61163e-12
0.00332654 -1.72677e-12
0.00332845 -1.87981e-12
0.00333035 -2.05023e-12
0.00333226 -2.22091e-12
0.00333416 -2.3809e-12
0.00333607 -2.52668e-12
0.00333797 -2.6621e-12
0.00333988 -2.79643e-12
0.00334178 -2.94162e-12
0.00334369 -3.109e-12
0.00334559 -3.30617e-12
0.0033475 -3.53476e-12
0.00334941 -3.78955e-12
0.00335131 -4.05911e-12
0.00335322 -4.32753e-12
0.00335512 -4.57731e-12
0.00335703 -4.79227e-12
0.00335893 -4.96021e-12
0.00336084 -5.0745e-12
0.00336274 -5.13462e-12
0.00336465 -5.14542e-12
0.00336655 -5.11517e-12
0.00336846 -5.05354e-12
0.00337036 -4.96918e-12
0.00337227 -4.86818e-12
0.00337417 -4.75328e-12
0.00337608 -4.62423e-12
0.00337798 -4.47898e-12
0.00337989 -4.31519e-12
0.00338179 -4.13225e-12
0.0033837 -3.93237e-12
0.0033856 -3.7213e-12
0.00338751 -3.5079e-12
0.00338942 -3.30313e-12
0.00339132 -3.11832e-12
0.00339323 -2.96338e-12
0.00339513 -2.84553e-12
0.00339704 -2.76815e-12
0.00339894 -2.73103e-12
0.00340085 -2.73067e-12
0.00340275 -2.7618e-12
0.00340466 -2.81833e-12
0.00340656 -2.89485e-12
0.00340847 -2.98726e-12
0.00341037 -3.09288e-12
0.00341228 -3.21032e-12
0.00341418 -3.33854e-12
0.00341609 -3.47629e-12
0.00341799 -3.62104e-12
0.0034199 -3.76903e-12
0.0034218 -3.91498e-12
0.00342371 -4.05272e-12
0.00342561 -4.17589e-12
0.00342752 -4.27869e-12
0.00342943 -4.35673e-12
0.00343133 -4.40707e-12
0.00343324 -4.42893e-12
0.00343514 -4.42285e-12
0.00343705 -4.39094e-12
0.00343895 -4.33596e-12
0.00344086 -4.26131e-12
0.00344276 -4.17059e-12
0.00344467 -4.06747e-12
0.00344657 -3.95601e-12
0.00344848 -3.84018e-12
0.00345038 -3.72446e-12
0.00345229 -3.61315e-12
0.00345419 -3.51082e-12
0.0034561 -3.42138e-12
0.003458 -3.3484e-12
0.00345991 -3.29448e-12
0.00346181 -3.26118e-12
0.00346372 -3.24915e-12
0.00346562 -3.25784e-12
0.00346753 -3.28615e-12
0.00346944 -3.33187e-12
0.00347134 -3.39264e-12
0.00347325 -3.4653e-12
0.00347515 -3.54658e-12
0.00347706 -3.63284e-12
0.00347896 -3.72032e-12
0.00348087 -3.80532e-12
0.00348277 -3.88409e-12
0.00348468 -3.9536e-12
0.00348658 -4.01089e-12
0.00348849 -4.05411e-12
0.00349039 -4.08172e-12
0.0034923 -4.09325e-12
0.0034942 -4.08871e-12
0.00349611 -4.06887e-12
0.00349801 -4.03516e-12
0.00349992 -3.98932e-12
0.00350182 -3.93387e-12
0.00350373 -3.8714e-12
0.00350563 -3.80524e-12
0.00350754 -3.7385e-12
0.00350945 -3.67471e-12
0.00351135 -3.61692e-12
0.00351326 -3.56793e-12
0.00351516 -3.53e-12
0.00351707 -3.50457e-12
0.00351897 -3.49257e-12
0.00352088 -3.49384e-12
0.00352278 -3.50803e-12
0.00352469 -3.53375e-12
0.00352659 -3.56963e-12
0.0035285 -3.61356e-12
0.0035304 -3.66338e-12
0.00353231 -3.71659e-12
0.00353421 -3.77053e-12
0.00353612 -3.82272e-12
0.00353802 -3.87039e-12
0.00353993 -3.91146e-12
0.00354183 -3.94381e-12
0.00354374 -3.96626e-12
0.00354564 -3.97785e-12
0.00354755 -3.97858e-12
0.00354946 -3.96886e-12
0.00355136 -3.94962e-12
0.00355327 -3.92245e-12
0.00355517 -3.88896e-12
0.00355708 -3.85141e-12
0.00355898 -3.81171e-12
0.00356089 -3.77239e-12
0.00356279 -3.73542e-12
0.0035647 -3.703e-12
0.0035666 -3.67688e-12
0.00356851 -3.65843e-12
0.00357041 -3.64871e-12
0.00357232 -3.64799e-12
0.00357422 -3.65644e-12
0.00357613 -3.67321e-12
0.00357803 -3.69755e-12
0.00357994 -3.72789e-12
0.00358184 -3.76277e-12
0.00358375 -3.80029e-12
0.00358565 -3.83862e-12
0.00358756 -3.87592e-12
0.00358947 -3.91024e-12
0.00359137 -3.94019e-12
0.00359328 -3.96424e-12
0.00359518 -3.98165e-12
0.00359709 -3.99172e-12
0.00359899 -3.99458e-12
0.0036009 -3.9905e-12
0.0036028 -3.98034e-12
0.00360471 -3.96532e-12
0.00360661 -3.94669e-12
0.00360852 -3.92614e-12
0.00361042 -3.90508e-12
0.00361233 -3.88533e-12
0.00361423 -3.86813e-12
0.00361614 -3.85497e-12
0.00361804 -3.84684e-12
0.00361995 -3.84451e-12
0.00362185 -3.84843e-12
0.00362376 -3.85855e-12
0.00362566 -3.87463e-12
0.00362757 -3.89574e-12
0.00362948 -3.92105e-12
0.00363138 -3.94911e-12
0.00363329 -3.97863e-12
0.00363519 -4.00806e-12
0.0036371 -4.03604e-12
0.003639 -4.06121e-12
0.00364091 -4.08233e-12
0.00364281 -4.09863e-12
0.00364472 -4.10928e-12
0.00364662 -4.11405e-12
0.00364853 -4.11279e-12
0.00365043 -4.10593e-12
0.00365234 -4.09393e-12
0.00365424 -4.07768e-12
0.00365615 -4.05824e-12
0.00365805 -4.03663e-12
0.00365996 -4.01405e-12
0.00366186 -3.9915e-12
0.00366377 -3.97003e-12
0.00366567 -3.95024e-12
0.00366758 -3.9328e-12
0.00366949 -3.91793e-12
0.00367139 -3.90563e-12
0.0036733 -3.89566e-12
0.0036752 -3.8875e-12
0.00367711 -3.88046e-12
0.00367901 -3.87351e-12
0.00368092 -3.86578e-12
0.00368282 -3.85613e-12
0.00368473 -3.84356e-12
0.00368663 -3.82718e-12
0.00368854 -3.80625e-12
0.00369044 -3.78024e-12
0.00369235 -3.74879e-12
0.00369425 -3.71199e-12
0.00369616 -3.66997e-12
0.00369806 -3.62326e-12
0.00369997 -3.57259e-12
0.00370187 -3.51888e-12
0.00370378 -3.46313e-12
0.00370568 -3.40647e-12
0.00370759 -3.3501e-12
0.0037095 -3.29499e-12
0.0037114 -3.24215e-12
0.00371331 -3.19239e-12
0.00371521 -3.14633e-12
0.00371712 -3.10438e-12
0.00371902 -3.06678e-12
0.00372093 -3.03363e-12
0.00372283 -3.00469e-12
0.00372474 -2.97978e-12
0.00372664 -2.95855e-12
0.00372855 -2.94061e-12
0.00373045 -2.92555e-12
0.00373236 -2.91311e-12
0.00373426 -2.90308e-12
0.00373617 -2.89533e-12
0.00373807 -2.89005e-12
0.00373998 -2.88744e-12
0.00374188 -2.88792e-12
0.00374379 -2.892e-12
0.00374569 -2.90043e-12
0.0037476 -2.91389e-12
0.00374951 -2.93308e-12
0.00375141 -2.95885e-12
0.00375332 -2.99175e-12
0.00375522 -3.03237e-12
0.00375713 -3.081e-12
0.00375903 -3.13793e-12
0.00376094 -3.20292e-12
0.00376284 -3.27574e-12
0.00376475 -3.35584e-12
0.00376665 -3.44238e-12
0.00376856 -3.53441e-12
0.00377046 -3.63072e-12
0.00377237 -3.73013e-12
0.00377427 -3.83113e-12
0.00377618 -3.93246e-12
0.00377808 -4.03272e-12
0.00377999 -4.13061e-12
0.00378189 -4.22496e-12
0.0037838 -4.31475e-12
0.0037857 -4.39915e-12
0.00378761 -4.4773e-12
0.00378952 -4.54879e-12
0.00379142 -4.61306e-12
0.00379333 -4.66982e-12
0.00379523 -4.71874e-12
0.00379714 -4.75967e-12
0.00379904 -4.79235e-12
0.00380095 -4.81649e-12
0.00380285 -4.832e-12
0.00380476 -4.83845e-12
0.00380666 -4.83565e-12
0.00380857 -4.8232e-12
0.00381047 -4.8009e-12
