0 0
1 -14.9495
2 -28.6548
3 -40.6057
4 -50.4408
5 -58.2164
6 -64.3325
7 -69.2502
8 -73.3191
9 -76.7656
10 -79.7477
11 -82.4013
12 -84.8598
13 -87.2501
14 -89.683
15 -92.2461
16 -94.9972
17 -97.9268
18 -100.808
19 -102.887
20 -103.3
21 -102.508
22 -101.518
23 -100.785
24 -100.413
25 -100.406
26 -100.738
27 -101.38
28 -102.296
29 -103.438
30 -104.72
31 -105.959
32 -106.828
33 -106.993
34 -106.45
35 -105.536
36 -104.579
37 -103.739
38 -103.062
39 -102.536
40 -102.133
41 -101.826
42 -101.594
43 -101.428
44 -101.321
45 -101.263
46 -101.24
47 -101.228
48 -101.197
49 -101.118
50 -100.961
51 -100.71
52 -100.364
53 -99.947
54 -99.4991
55 -99.0659
56 -98.6871
57 -98.3877
58 -98.1737
59 -98.0312
60 -97.9288
61 -97.8241
62 -97.6761
63 -97.4612
64 -97.1821
65 -96.866
66 -96.5513
67 -96.2724
68 -96.0498
69 -95.8851
70 -95.7605
71 -95.6434
72 -95.4955
73 -95.2877
74 -95.0135
75 -94.692
76 -94.3588
77 -94.0506
78 -93.792
79 -93.5892
80 -93.4291
81 -93.2839
82 -93.1206
83 -92.9142
84 -92.6581
85 -92.3668
86 -92.0673
87 -91.7867
88 -91.5416
89 -91.334
90 -91.1513
91 -90.9723
92 -90.776
93 -90.5503
94 -90.2973
95 -90.0308
96 -89.7694
97 -89.5278
98 -89.3119
99 -89.1177
100 -88.9345
101 -88.7505
102 -88.5587
103 -88.3603
104 -88.1629
105 -87.9764
106 -87.8075
107 -87.6566
108 -87.5176
109 -87.3817
110 -87.2423
111 -87.0992
112 -86.9592
113 -86.8325
114 -86.7275
115 -86.6455
116 -86.5793
117 -86.5151
118 -86.4391
119 -86.3446
120 -86.2363
121 -86.1285
122 -86.0384
123 -85.9772
124 -85.9445
125 -85.9267
126 -85.9023
127 -85.8514
128 -85.7666
129 -85.6571
130 -85.5446
131 -85.4516
132 -85.3908
133 -85.3588
134 -85.337
135 -85.3
136 -85.228
137 -85.118
138 -84.9855
139 -84.8559
140 -84.7509
141 -84.6789
142 -84.6314
143 -84.5876
144 -84.5251
145 -84.4323
146 -84.3143
147 -84.1901
148 -84.0815
149 -84.0022
150 -83.9521
151 -83.9181
152 -83.8823
153 -83.8319
154 -83.7662
155 -83.697
156 -83.6408
157 -83.6096
158 -83.6044
159 -83.6153
160 -83.6277
161 -83.6315
162 -83.6273
163 -83.6262
164 -83.6429
165 -83.6858
166 -83.7512
167 -83.8236
168 -83.8838
169 -83.9208
170 -83.9388
171 -83.956
172 -83.9929
173 -84.0596
174 -84.1478
175 -84.2322
176 -84.2833
177 -84.2847
178 -84.2446
179 -84.1912
180 -84.1554
181 -84.1529
182 -84.1756
183 -84.1944
184 -84.1759
185 -84.1031
186 -83.9871
187 -83.8607
188 -83.7584
189 -83.6984
190 -83.6744
191 -83.6604
192 -83.6265
193 -83.5572
194 -83.4616
195 -83.3677
196 -83.3049
197 -83.2881
198 -83.311
199 -83.3499
200 -83.3783
201 -83.3831
202 -83.3731
203 -83.3731
204 -83.408
205 -83.4873
206 -83.5993
207 -83.7162
208 -83.8105
209 -83.8726
210 -83.9182
211 -83.9779
212 -84.0774
213 -84.2202
214 -84.3827
215 -84.5248
216 -84.6128
217 -84.6429
218 -84.645
219 -84.6622
220 -84.7232
221 -84.8245
222 -84.9301
223 -84.9902
224 -84.9735
225 -84.8899
226 -84.7844
227 -84.7065
228 -84.6815
229 -84.6983
230 -84.7162
231 -84.6898
232 -84.599
233 -84.4636
234 -84.3291
235 -84.2374
236 -84.2036
237 -84.2101
238 -84.2171
239 -84.1865
240 -84.1078
241 -84.0052
242 -83.9214
243 -83.8908
244 -83.9214
245 -83.9904
246 -84.0563
247 -84.0833
248 -84.0652
249 -84.0305
250 -84.0244
251 -84.0823
252 -84.2105
253 -84.3823
254 -84.5501
255 -84.6718
256 -84.7383
257 -84.7816
258 -84.8538
259 -84.9964
260 -85.2177
261 -85.4862
262 -85.7433
263 -85.9344
264 -86.0457
265 -86.1152
266 -86.2054
267 -86.3634
268 -86.5925
269 -86.8466
270 -87.0491
271 -87.1387
272 -87.1147
273 -87.038
274 -86.9856
275 -87.0026
276 -87.0796
277 -87.1572
278 -87.1589
279 -87.0425
280 -86.8332
281 -86.6049
282 -86.4312
283 -86.3482
284 -86.3419
285 -86.3576
286 -86.3275
287 -86.2119
288 -86.026
289 -85.8289
290 -85.6859
291 -85.6354
292 -85.6752
293 -85.7639
294 -85.8389
295 -85.8484
296 -85.7834
297 -85.6832
298 -85.6098
299 -85.6137
300 -85.7123
301 -85.8828
302 -86.0709
303 -86.2139
304 -86.2761
305 -86.2719
306 -86.257
307 -86.2948
308 -86.4256
309 -86.6506
310 -86.9308
311 -87.2
312 -87.3964
313 -87.5003
314 -87.5485
315 -87.6113
316 -87.7533
317 -88.0059
318 -88.3559
319 -88.7473
320 -89.1005
321 -89.3525
322 -89.4977
323 -89.5925
324 -89.7183
325 -89.9374
326 -90.2677
327 -90.6754
328 -91.082
329 -91.3957
330 -91.5625
331 -91.6014
332 -91.5864
333 -91.5945
334 -91.6653
335 -91.7892
336 -91.9153
337 -91.9767
338 -91.9261
339 -91.7622
340 -91.5254
341 -91.269
342 -91.0327
343 -90.8322
344 -90.6622
345 -90.5057
346 -90.3446
347 -90.167
348 -89.9705
349 -89.7604
350 -89.5461
351 -89.3386
352 -89.1476
353 -88.9815
354 -88.8453
355 -88.7407
356 -88.6643
357 -88.6083
358 -88.5621
359 -88.516
360 -88.4646
361 -88.4098
362 -88.3601
363 -88.3278
364 -88.3243
365 -88.3562
366 -88.4228
367 -88.5163
368 -88.6242
369 -88.7331
370 -88.8341
371 -88.9253
372 -89.0123
373 -89.1051
374 -89.2144
375 -89.3469
376 -89.504
377 -89.6813
378 -89.8709
379 -90.0641
380 -90.2549
381 -90.4412
382 -90.6252
383 -90.8116
384 -91.0049
385 -91.2075
386 -91.4186
387 -91.6354
388 -91.8545
389 -92.0743
390 -92.2962
391 -92.5254
392 -92.7692
393 -93.0356
394 -93.3307
395 -93.6575
396 -94.0149
397 -94.3982
398 -94.7997
399 -95.2113
400 -95.6253
401 -96.0365
402 -96.4419
403 -96.8401
404 -97.2289
405 -97.6032
406 -97.9531
407 -98.264
408 -98.5181
409 -98.6975
410 -98.7896
411 -98.7898
412 -98.7029
413 -98.5407
414 -98.3188
415 -98.0525
416 -97.755
417 -97.4362
418 -97.1038
419 -96.7629
420 -96.4178
421 -96.0717
422 -95.7273
423 -95.3869
424 -95.0522
425 -94.7244
426 -94.4044
427 -94.0926
428 -93.7895
429 -93.4956
430 -93.2114
431 -92.938
432 -92.6765
433 -92.4282
434 -92.1948
435 -91.9774
436 -91.7775
437 -91.5959
438 -91.4333
439 -91.2899
440 -91.1655
441 -91.0596
442 -90.9711
443 -90.8989
444 -90.8416
445 -90.7973
446 -90.7645
447 -90.7415
448 -90.7268
449 -90.719
450 -90.7173
451 -90.7208
452 -90.7295
453 -90.7434
454 -90.7629
455 -90.789
456 -90.8225
457 -90.8648
458 -90.9173
459 -90.9816
460 -91.0593
461 -91.1519
462 -91.261
463 -91.3881
464 -91.5343
465 -91.7009
466 -91.889
467 -92.0994
468 -92.3328
469 -92.5899
470 -92.8709
471 -93.176
472 -93.5049
473 -93.857
474 -94.2313
475 -94.6264
476 -95.0402
477 -95.47
478 -95.9119
479 -96.3612
480 -96.8119
481 -97.2565
482 -97.6862
483 -98.091
484 -98.4603
485 -98.784
486 -99.0532
487 -99.2615
488 -99.4059
489 -99.4869
490 -99.5089
491 -99.479
492 -99.4063
493 -99.3006
494 -99.1715
495 -99.0281
496 -98.8781
497 -98.7279
498 -98.5825
499 -98.4456
500 -98.32
501 -98.2072
502 -98.1083
503 -98.0236
504 -97.953
505 -97.8962
506 -97.8524
507 -97.8208
508 -97.7999
509 -97.7883
510 -97.7842
511 -97.7858
512 -97.7911
513 -97.7986
514 -97.8067
515 -97.8143
516 -97.8206
517 -97.8248
518 -97.8267
519 -97.826
520 -97.8227
521 -97.8174
522 -97.8105
523 -97.8029
524 -97.7955
525 -97.7893
526 -97.7851
527 -97.7834
528 -97.7846
529 -97.789
530 -97.7967
531 -97.8075
532 -97.8213
533 -97.8376
534 -97.8557
535 -97.875
536 -97.8943
537 -97.9128
538 -97.9296
539 -97.9438
540 -97.955
541 -97.9626
542 -97.9666
543 -97.9669
544 -97.9634
545 -97.9564
546 -97.9461
547 -97.9328
548 -97.9172
549 -97.9
550 -97.8821
551 -97.8644
552 -97.8481
553 -97.8342
554 -97.8234
555 -97.8166
556 -97.8142
557 -97.8163
558 -97.8226
559 -97.833
560 -97.8468
561 -97.8635
562 -97.8828
563 -97.9041
564 -97.9272
565 -97.9519
566 -97.9778
567 -98.0047
568 -98.032
569 -98.059
570 -98.0852
571 -98.1098
572 -98.1322
573 -98.1516
574 -98.1675
575 -98.1795
576 -98.1871
577 -98.1899
578 -98.1878
579 -98.1805
580 -98.1681
581 -98.1508
582 -98.1285
583 -98.1014
584 -98.0694
585 -98.0324
586 -97.9901
587 -97.9422
588 -97.8886
589 -97.8296
590 -97.7657
591 -97.6975
592 -97.6257
593 -97.5509
594 -97.4734
595 -97.3937
596 -97.3118
597 -97.2281
598 -97.1435
599 -97.0591
600 -96.9765
601 -96.8979
602 -96.8256
603 -96.7614
604 -96.707
605 -96.6629
606 -96.6292
607 -96.6053
608 -96.5907
609 -96.5844
610 -96.5864
611 -96.5967
612 -96.6162
613 -96.646
614 -96.6877
615 -96.7427
616 -96.8122
617 -96.8972
618 -96.9982
619 -97.1151
620 -97.2481
621 -97.397
622 -97.5622
623 -97.7439
624 -97.9429
625 -98.1599
626 -98.3957
627 -98.651
628 -98.9262
629 -99.2211
630 -99.5352
631 -99.8676
632 -100.217
633 -100.582
634 -100.962
635 -101.356
636 -101.764
637 -102.188
638 -102.628
639 -103.084
640 -103.557
641 -104.045
642 -104.545
643 -105.053
644 -105.563
645 -106.065
646 -106.551
647 -107.013
648 -107.444
649 -107.839
650 -108.196
651 -108.516
652 -108.798
653 -109.043
654 -109.255
655 -109.436
656 -109.589
657 -109.718
658 -109.829
659 -109.926
660 -110.014
661 -110.1
662 -110.19
663 -110.291
664 -110.408
665 -110.545
666 -110.703
667 -110.886
668 -111.095
669 -111.332
670 -111.601
671 -111.908
672 -112.258
673 -112.655
674 -113.107
675 -113.617
676 -114.195
677 -114.848
678 -115.587
679 -116.426
680 -117.382
681 -118.478
682 -119.751
683 -121.255
684 -123.077
685 -125.352
686 -128.225
687 -131.331
688 -131.832
689 -128.863
690 -125.717
691 -123.189
692 -121.167
693 -119.502
694 -118.092
695 -116.873
696 -115.804
697 -114.859
698 -114.019
699 -113.266
700 -112.584
701 -111.96
702 -111.384
703 -110.852
704 -110.362
705 -109.914
706 -109.504
707 -109.125
708 -108.769
709 -108.433
710 -108.116
711 -107.821
712 -107.551
713 -107.303
714 -107.074
715 -106.855
716 -106.645
717 -106.442
718 -106.248
719 -106.067
720 -105.898
721 -105.738
722 -105.583
723 -105.432
724 -105.286
725 -105.147
726 -105.011
727 -104.878
728 -104.743
729 -104.607
730 -104.472
731 -104.342
732 -104.216
733 -104.09
734 -103.96
735 -103.823
736 -103.681
737 -103.539
738 -103.405
739 -103.277
740 -103.15
741 -103.019
742 -102.879
743 -102.734
744 -102.591
745 -102.457
746 -102.329
747 -102.203
748 -102.07
749 -101.931
750 -101.792
751 -101.663
752 -101.549
753 -101.447
754 -101.349
755 -101.248
756 -101.143
757 -101.04
758 -100.948
759 -100.871
760 -100.807
761 -100.748
762 -100.689
763 -100.628
764 -100.57
765 -100.52
766 -100.482
767 -100.45
768 -100.419
769 -100.382
770 -100.342
771 -100.305
772 -100.279
773 -100.267
774 -100.265
775 -100.265
776 -100.26
777 -100.25
778 -100.238
779 -100.227
780 -100.217
781 -100.201
782 -100.172
783 -100.129
784 -100.08
785 -100.034
786 -100
787 -99.9764
788 -99.9524
789 -99.9164
790 -99.8632
791 -99.799
792 -99.7378
793 -99.6934
794 -99.6715
795 -99.6679
796 -99.6719
797 -99.6734
798 -99.6682
799 -99.6576
800 -99.6439
801 -99.6268
802 -99.6021
803 -99.5663
804 -99.5215
805 -99.476
806 -99.4405
807 -99.4213
808 -99.4163
809 -99.4164
810 -99.4115
811 -99.3983
812 -99.3822
813 -99.3743
814 -99.3832
815 -99.4108
816 -99.4516
817 -99.498
818 -99.5461
819 -99.5973
820 -99.6555
821 -99.7206
822 -99.7864
823 -99.8433
824 -99.8859
825 -99.9188
826 -99.955
827 -100.008
828 -100.084
829 -100.176
830 -100.271
831 -100.36
832 -100.442
833 -100.528
834 -100.628
835 -100.745
836 -100.87
837 -100.989
838 -101.096
839 -101.197
840 -101.306
841 -101.437
842 -101.584
843 -101.731
844 -101.856
845 -101.953
846 -102.036
847 -102.129
848 -102.251
849 -102.395
850 -102.538
851 -102.654
852 -102.737
853 -102.808
854 -102.898
855 -103.023
856 -103.167
857 -103.293
858 -103.371
859 -103.401
860 -103.421
861 -103.474
862 -103.574
863 -103.697
864 -103.793
865 -103.826
866 -103.805
867 -103.782
868 -103.805
869 -103.884
870 -103.979
871 -104.03
872 -104.005
873 -103.933
874 -103.882
875 -103.904
876 -103.992
877 -104.082
878 -104.092
879 -103.998
880 -103.863
881 -103.788
882 -103.835
883 -103.978
884 -104.104
885 -104.078
886 -103.87
887 -103.601
888 -103.459
889 -103.62
890 -104.26
