0 -12.7405
1 -12.7422
2 -12.7474
3 -12.7561
4 -12.7682
5 -12.7839
6 -12.803
7 -12.8256
8 -12.8515
9 -12.8805
10 -12.9125
11 -12.9472
12 -12.9841
13 -13.0224
14 -13.0611
15 -13.0988
16 -13.1338
17 -13.1646
18 -13.1901
19 -13.2104
20 -13.2264
21 -13.2399
22 -13.2528
23 -13.267
24 -13.2841
25 -13.3054
26 -13.3323
27 -13.3659
28 -13.4077
29 -13.4591
30 -13.5223
31 -13.5999
32 -13.6964
33 -13.8185
34 -13.9777
35 -14.1845
36 -14.347
37 -14.2324
38 -14.0649
39 -13.946
40 -13.8661
41 -13.8138
42 -13.7821
43 -13.7666
44 -13.7645
45 -13.7741
46 -13.7946
47 -13.8261
48 -13.8693
49 -13.9259
50 -13.9977
51 -14.0865
52 -14.1909
53 -14.2982
54 -14.3697
55 -14.3631
56 -14.3005
57 -14.2272
58 -14.1626
59 -14.1109
60 -14.0723
61 -14.0465
62 -14.0333
63 -14.0324
64 -14.0431
65 -14.0642
66 -14.0937
67 -14.1295
68 -14.169
69 -14.2102
70 -14.2514
71 -14.2905
72 -14.3245
73 -14.3496
74 -14.3629
75 -14.3647
76 -14.3584
77 -14.3479
78 -14.3354
79 -14.3217
80 -14.3067
81 -14.2912
82 -14.277
83 -14.2661
84 -14.2599
85 -14.2589
86 -14.2621
87 -14.2676
88 -14.2723
89 -14.2731
90 -14.2678
91 -14.2556
92 -14.2376
93 -14.2161
94 -14.1937
95 -14.1723
96 -14.1529
97 -14.1354
98 -14.1189
99 -14.1025
100 -14.0854
101 -14.0677
102 -14.05
103 -14.0333
104 -14.0181
105 -14.0045
106 -13.9921
107 -13.98
108 -13.9672
109 -13.9533
110 -13.9386
111 -13.9237
112 -13.9095
113 -13.8967
114 -13.885
115 -13.874
116 -13.8627
117 -13.8502
118 -13.8365
119 -13.8221
120 -13.8081
121 -13.7959
122 -13.7859
123 -13.7782
124 -13.772
125 -13.7658
126 -13.7584
127 -13.7496
128 -13.7398
129 -13.7303
130 -13.7224
131 -13.7169
132 -13.7137
133 -13.7117
134 -13.7093
135 -13.7053
136 -13.6993
137 -13.6918
138 -13.6844
139 -13.6782
140 -13.674
141 -13.6715
142 -13.6695
143 -13.6667
144 -13.662
145 -13.6555
146 -13.648
147 -13.6408
148 -13.6349
149 -13.6305
150 -13.6273
151 -13.6241
152 -13.62
153 -13.6147
154 -13.6085
155 -13.6024
156 -13.5973
157 -13.5935
158 -13.5909
159 -13.5886
160 -13.5859
161 -13.5825
162 -13.5787
163 -13.5753
164 -13.5731
165 -13.5722
166 -13.5724
167 -13.5726
168 -13.5721
169 -13.5705
170 -13.5685
171 -13.567
172 -13.5668
173 -13.5682
174 -13.5707
175 -13.573
176 -13.5739
177 -13.5729
178 -13.5706
179 -13.5684
180 -13.5674
181 -13.5681
182 -13.5699
183 -13.5715
184 -13.5714
185 -13.5689
186 -13.5647
187 -13.5602
188 -13.5568
189 -13.5552
190 -13.555
191 -13.5547
192 -13.5532
193 -13.5498
194 -13.5452
195 -13.5406
196 -13.5373
197 -13.5359
198 -13.536
199 -13.5364
200 -13.5359
201 -13.5342
202 -13.5318
203 -13.5298
204 -13.5294
205 -13.5308
206 -13.5335
207 -13.5362
208 -13.5379
209 -13.5383
210 -13.5381
211 -13.5385
212 -13.5406
213 -13.5445
214 -13.5494
215 -13.5536
216 -13.556
217 -13.5564
218 -13.5559
219 -13.5561
220 -13.5579
221 -13.5614
222 -13.5654
223 -13.5682
224 -13.5686
225 -13.5667
226 -13.5638
227 -13.5617
228 -13.5614
229 -13.5628
230 -13.5644
231 -13.5646
232 -13.5626
233 -13.5588
234 -13.5545
235 -13.5513
236 -13.55
237 -13.5503
238 -13.5507
239 -13.55
240 -13.5474
241 -13.5435
242 -13.5397
243 -13.5375
244 -13.5373
245 -13.5387
246 -13.5404
247 -13.5411
248 -13.5403
249 -13.5386
250 -13.5373
251 -13.5378
252 -13.5407
253 -13.5453
254 -13.5504
255 -13.5548
256 -13.5578
257 -13.56
258 -13.5625
259 -13.5668
260 -13.5735
261 -13.582
262 -13.591
263 -13.5991
264 -13.6055
265 -13.6104
266 -13.6152
267 -13.6211
268 -13.6289
269 -13.6379
270 -13.6466
271 -13.6533
272 -13.657
273 -13.6583
274 -13.6585
275 -13.6592
276 -13.6611
277 -13.6636
278 -13.6654
279 -13.665
280 -13.6617
281 -13.6562
282 -13.6501
283 -13.6448
284 -13.6412
285 -13.639
286 -13.6373
287 -13.6348
288 -13.6308
289 -13.6256
290 -13.62
291 -13.6153
292 -13.6125
293 -13.6115
294 -13.6118
295 -13.6125
296 -13.6125
297 -13.6115
298 -13.61
299 -13.6087
300 -13.6087
301 -13.6105
302 -13.6139
303 -13.6182
304 -13.6226
305 -13.6263
306 -13.629
307 -13.6313
308 -13.634
309 -13.6381
310 -13.6438
311 -13.6511
312 -13.6592
313 -13.6674
314 -13.675
315 -13.6818
316 -13.6883
317 -13.6952
318 -13.7033
319 -13.7127
320 -13.7236
321 -13.7354
322 -13.7475
323 -13.7594
324 -13.7708
325 -13.7816
326 -13.792
327 -13.8023
328 -13.8128
329 -13.8234
330 -13.8342
331 -13.845
332 -13.8552
333 -13.8643
334 -13.8713
335 -13.8754
336 -13.8766
337 -13.875
338 -13.8717
339 -13.8677
340 -13.8636
341 -13.8594
342 -13.8544
343 -13.8475
344 -13.8381
345 -13.8261
346 -13.8124
347 -13.7984
348 -13.7854
349 -13.7743
350 -13.7652
351 -13.7577
352 -13.7509
353 -13.7438
354 -13.7357
355 -13.7267
356 -13.7172
357 -13.708
358 -13.7002
359 -13.6944
360 -13.6908
361 -13.6893
362 -13.6895
363 -13.6906
364 -13.6918
365 -13.6925
366 -13.6926
367 -13.692
368 -13.6913
369 -13.6909
370 -13.6916
371 -13.6937
372 -13.6974
373 -13.7028
374 -13.7096
375 -13.7174
376 -13.7255
377 -13.7334
378 -13.7408
379 -13.7472
380 -13.7527
381 -13.7574
382 -13.7618
383 -13.7661
384 -13.771
385 -13.7767
386 -13.7838
387 -13.7923
388 -13.8024
389 -13.8141
390 -13.8273
391 -13.8415
392 -13.8563
393 -13.8712
394 -13.8856
395 -13.8992
396 -13.9117
397 -13.9233
398 -13.9346
399 -13.9462
400 -13.9589
401 -13.9736
402 -13.991
403 -14.0114
404 -14.035
405 -14.0617
406 -14.0911
407 -14.122
408 -14.1534
409 -14.1834
410 -14.2102
411 -14.2321
412 -14.2475
413 -14.2559
414 -14.257
415 -14.2513
416 -14.2394
417 -14.2225
418 -14.2016
419 -14.1778
420 -14.1523
421 -14.1261
422 -14.1002
423 -14.0753
424 -14.0518
425 -14.0302
426 -14.0103
427 -13.9924
428 -13.9762
429 -13.9616
430 -13.9483
431 -13.9362
432 -13.9249
433 -13.9142
434 -13.9041
435 -13.8944
436 -13.885
437 -13.8759
438 -13.8671
439 -13.8587
440 -13.8507
441 -13.8431
442 -13.8361
443 -13.8296
444 -13.8238
445 -13.8185
446 -13.8138
447 -13.8098
448 -13.8064
449 -13.8035
450 -13.8013
451 -13.7996
452 -13.7985
453 -13.7979
454 -13.7978
455 -13.7983
456 -13.7992
457 -13.8006
458 -13.8024
459 -13.8047
460 -13.8074
461 -13.8105
462 -13.8139
463 -13.8176
464 -13.8216
465 -13.8259
466 -13.8304
467 -13.8351
468 -13.8399
469 -13.8449
470 -13.8501
471 -13.8553
472 -13.8608
473 -13.8663
474 -13.8721
475 -13.878
476 -13.8842
477 -13.8906
478 -13.8973
479 -13.9044
480 -13.9119
481 -13.9198
482 -13.9282
483 -13.9371
484 -13.9466
485 -13.9568
486 -13.9676
487 -13.9792
488 -13.9916
489 -14.005
490 -14.0193
491 -14.0346
492 -14.0511
493 -14.0688
494 -14.0878
495 -14.1083
496 -14.1304
497 -14.1542
498 -14.18
499 -14.208
500 -14.2383
501 -14.2714
502 -14.3076
503 -14.3475
504 -14.3916
505 -14.4409
506 -14.4964
507 -14.5597
508 -14.6333
509 -14.7208
510 -14.8282
511 -14.966
512 -15.1524
513 -15.3832
514 -15.3718
515 -15.148
516 -14.9738
517 -14.8465
518 -14.7487
519 -14.6702
520 -14.6052
521 -14.55
522 -14.5025
523 -14.4609
524 -14.4242
525 -14.3916
526 -14.3623
527 -14.336
528 -14.3122
529 -14.2906
530 -14.2709
531 -14.253
532 -14.2367
533 -14.2217
534 -14.2079
535 -14.1952
536 -14.1836
537 -14.173
538 -14.1633
539 -14.1544
540 -14.1464
541 -14.1391
542 -14.1324
543 -14.1264
544 -14.121
545 -14.116
546 -14.1116
547 -14.1075
548 -14.1039
549 -14.1007
550 -14.0979
551 -14.0955
552 -14.0934
553 -14.0918
554 -14.0904
555 -14.0894
556 -14.0886
557 -14.0882
558 -14.0881
559 -14.0882
560 -14.0886
561 -14.0893
562 -14.0902
563 -14.0914
564 -14.0927
565 -14.0942
566 -14.0959
567 -14.0975
568 -14.0993
569 -14.101
570 -14.1026
571 -14.1042
572 -14.1057
573 -14.1071
574 -14.1083
575 -14.1093
576 -14.11
577 -14.1105
578 -14.1106
579 -14.1105
580 -14.11
581 -14.1093
582 -14.1083
583 -14.107
584 -14.1055
585 -14.1036
586 -14.1016
587 -14.0992
588 -14.0967
589 -14.0938
590 -14.0908
591 -14.0877
592 -14.0844
593 -14.0811
594 -14.0778
595 -14.0744
596 -14.0711
597 -14.0677
598 -14.0644
599 -14.0611
600 -14.058
601 -14.055
602 -14.0524
603 -14.0502
604 -14.0484
605 -14.0471
606 -14.0462
607 -14.0459
608 -14.0459
609 -14.0463
610 -14.047
611 -14.048
612 -14.0494
613 -14.0511
614 -14.0533
615 -14.0559
616 -14.0591
617 -14.0628
618 -14.067
619 -14.0719
620 -14.0773
621 -14.0833
622 -14.0898
623 -14.0969
624 -14.1045
625 -14.1128
626 -14.1217
627 -14.1312
628 -14.1415
629 -14.1524
630 -14.1639
631 -14.1762
632 -14.189
633 -14.2023
634 -14.2162
635 -14.2305
636 -14.2453
637 -14.2607
638 -14.2766
639 -14.2932
640 -14.3104
641 -14.3285
642 -14.3473
643 -14.3669
644 -14.3873
645 -14.4084
646 -14.4301
647 -14.4523
648 -14.4749
649 -14.4979
650 -14.5212
651 -14.5448
652 -14.5688
653 -14.5932
654 -14.6179
655 -14.643
656 -14.6685
657 -14.6943
658 -14.7204
659 -14.7467
660 -14.7729
661 -14.799
662 -14.8246
663 -14.8498
664 -14.8742
665 -14.8977
666 -14.9203
667 -14.9417
668 -14.9617
669 -14.98
670 -14.9964
671 -15.0104
672 -15.022
673 -15.0309
674 -15.0372
675 -15.0408
676 -15.0419
677 -15.0407
678 -15.0374
679 -15.0322
680 -15.0253
681 -15.0169
682 -15.0073
683 -14.9963
684 -14.984
685 -14.9704
686 -14.9556
687 -14.9397
688 -14.9231
689 -14.906
690 -14.8885
691 -14.8709
692 -14.8531
693 -14.8352
694 -14.8172
695 -14.7991
696 -14.7812
697 -14.7636
698 -14.7464
699 -14.7295
700 -14.7129
701 -14.6965
702 -14.6802
703 -14.6643
704 -14.6488
705 -14.6339
706 -14.6194
707 -14.6053
708 -14.5915
709 -14.5779
710 -14.5647
711 -14.5519
712 -14.5396
713 -14.5278
714 -14.5164
715 -14.5051
716 -14.494
717 -14.4831
718 -14.4725
719 -14.4622
720 -14.4524
721 -14.4428
722 -14.4334
723 -14.4243
724 -14.4155
725 -14.407
726 -14.3987
727 -14.3907
728 -14.3827
729 -14.375
730 -14.3675
731 -14.3604
732 -14.3535
733 -14.3469
734 -14.3404
735 -14.3339
736 -14.3276
737 -14.3216
738 -14.3161
739 -14.3109
740 -14.306
741 -14.3011
742 -14.2963
743 -14.2915
744 -14.2872
745 -14.2833
746 -14.2799
747 -14.2767
748 -14.2736
749 -14.2705
750 -14.2675
751 -14.2649
752 -14.2628
753 -14.2611
754 -14.2597
755 -14.2583
756 -14.2569
757 -14.2557
758 -14.255
759 -14.2548
760 -14.2551
761 -14.2559
762 -14.2567
763 -14.2577
764 -14.2588
765 -14.2601
766 -14.2619
767 -14.264
768 -14.2663
769 -14.2685
770 -14.2707
771 -14.2731
772 -14.2758
773 -14.279
774 -14.2825
775 -14.2861
776 -14.2895
777 -14.2929
778 -14.2962
779 -14.2998
780 -14.3035
781 -14.3071
782 -14.3103
783 -14.3129
784 -14.3151
785 -14.3172
786 -14.3196
787 -14.3225
788 -14.3254
789 -14.3278
790 -14.3293
791 -14.3301
792 -14.3306
793 -14.3315
794 -14.3334
795 -14.3362
796 -14.3394
797 -14.3425
798 -14.3454
799 -14.3479
800 -14.3502
801 -14.3523
802 -14.3537
803 -14.3544
804 -14.3542
805 -14.3536
806 -14.3534
807 -14.354
808 -14.3555
809 -14.3574
810 -14.359
811 -14.36
812 -14.3606
813 -14.3613
814 -14.363
815 -14.3659
816 -14.3698
817 -14.3742
818 -14.3789
819 -14.3837
820 -14.3889
821 -14.3947
822 -14.4006
823 -14.4062
824 -14.4108
825 -14.4146
826 -14.4182
827 -14.4227
828 -14.4286
829 -14.436
830 -14.4439
831 -14.4517
832 -14.4589
833 -14.4661
834 -14.474
835 -14.4831
836 -14.4932
837 -14.5034
838 -14.513
839 -14.5219
840 -14.531
841 -14.5413
842 -14.5529
843 -14.5651
844 -14.5762
845 -14.5851
846 -14.5923
847 -14.5992
848 -14.6076
849 -14.6176
850 -14.6281
851 -14.6369
852 -14.6431
853 -14.6474
854 -14.652
855 -14.6582
856 -14.6656
857 -14.6718
858 -14.6743
859 -14.6731
860 -14.6705
861 -14.6694
862 -14.671
863 -14.674
864 -14.675
865 -14.6717
866 -14.6648
867 -14.6576
868 -14.6532
869 -14.6524
870 -14.6529
871 -14.6509
872 -14.6446
873 -14.6354
874 -14.6273
875 -14.6231
876 -14.6227
877 -14.6231
878 -14.6202
879 -14.6127
880 -14.6035
881 -14.5973
882 -14.597
883 -14.6013
884 -14.6049
885 -14.6014
886 -14.5897
887 -14.5754
888 -14.5676
889 -14.5748
890 -14.6056
