0 -12.6718
1 -12.6736
2 -12.6789
3 -12.6877
4 -12.6999
5 -12.7157
6 -12.7351
7 -12.7582
8 -12.7851
9 -12.816
10 -12.8509
11 -12.89
12 -12.9331
13 -12.98
14 -13.03
15 -13.0818
16 -13.1336
17 -13.1821
18 -13.2238
19 -13.2549
20 -13.2739
21 -13.2821
22 -13.283
23 -13.2812
24 -13.2806
25 -13.284
26 -13.2933
27 -13.3099
28 -13.3347
29 -13.369
30 -13.4142
31 -13.4724
32 -13.5468
33 -13.6427
34 -13.7696
35 -13.9472
36 -14.2193
37 -14.4821
38 -14.196
39 -13.9757
40 -13.8394
41 -13.7486
42 -13.6866
43 -13.6451
44 -13.6196
45 -13.6074
46 -13.6066
47 -13.6157
48 -13.6333
49 -13.6578
50 -13.6874
51 -13.72
52 -13.7524
53 -13.7806
54 -13.7999
55 -13.8067
56 -13.8005
57 -13.7843
58 -13.7626
59 -13.7394
60 -13.717
61 -13.6968
62 -13.6791
63 -13.6641
64 -13.6523
65 -13.6438
66 -13.6392
67 -13.6383
68 -13.6408
69 -13.6458
70 -13.652
71 -13.658
72 -13.6623
73 -13.664
74 -13.6627
75 -13.659
76 -13.6534
77 -13.6469
78 -13.6403
79 -13.6338
80 -13.6273
81 -13.6205
82 -13.613
83 -13.6044
84 -13.5951
85 -13.5855
86 -13.5764
87 -13.5683
88 -13.5616
89 -13.556
90 -13.5512
91 -13.5464
92 -13.541
93 -13.5347
94 -13.5276
95 -13.5202
96 -13.5127
97 -13.5056
98 -13.4989
99 -13.4926
100 -13.4863
101 -13.4799
102 -13.4732
103 -13.4665
104 -13.4601
105 -13.4542
106 -13.4491
107 -13.4446
108 -13.4407
109 -13.4369
110 -13.4333
111 -13.4299
112 -13.4268
113 -13.4246
114 -13.4233
115 -13.423
116 -13.4233
117 -13.4236
118 -13.4234
119 -13.4225
120 -13.4211
121 -13.4197
122 -13.4189
123 -13.4192
124 -13.4205
125 -13.4222
126 -13.4234
127 -13.4233
128 -13.4218
129 -13.4191
130 -13.4161
131 -13.4138
132 -13.4126
133 -13.4124
134 -13.4125
135 -13.4118
136 -13.4096
137 -13.4056
138 -13.4007
139 -13.3958
140 -13.3918
141 -13.3892
142 -13.3875
143 -13.3859
144 -13.3835
145 -13.3799
146 -13.3753
147 -13.3704
148 -13.3662
149 -13.3633
150 -13.3616
151 -13.3606
152 -13.3597
153 -13.3583
154 -13.3563
155 -13.3543
156 -13.3529
157 -13.3526
158 -13.3535
159 -13.3551
160 -13.357
161 -13.3586
162 -13.3601
163 -13.3618
164 -13.3643
165 -13.368
166 -13.3726
167 -13.3776
168 -13.3822
169 -13.3857
170 -13.3885
171 -13.3912
172 -13.3947
173 -13.3994
174 -13.4049
175 -13.4102
176 -13.4138
177 -13.415
178 -13.4141
179 -13.4122
180 -13.4109
181 -13.4108
182 -13.4117
183 -13.4123
184 -13.4111
185 -13.4074
186 -13.4016
187 -13.3951
188 -13.3895
189 -13.3858
190 -13.3839
191 -13.3825
192 -13.3806
193 -13.3772
194 -13.3728
195 -13.3684
196 -13.3653
197 -13.3644
198 -13.3654
199 -13.3675
200 -13.3695
201 -13.3707
202 -13.3713
203 -13.3724
204 -13.3749
205 -13.3794
206 -13.3855
207 -13.3922
208 -13.3981
209 -13.4028
210 -13.4068
211 -13.4112
212 -13.4172
213 -13.4251
214 -13.434
215 -13.4422
216 -13.4481
217 -13.4513
218 -13.4528
219 -13.4546
220 -13.4581
221 -13.4635
222 -13.4693
223 -13.4732
224 -13.4735
225 -13.4704
226 -13.4656
227 -13.4617
228 -13.4601
229 -13.4605
230 -13.4613
231 -13.4604
232 -13.4565
233 -13.4503
234 -13.4435
235 -13.4382
236 -13.4356
237 -13.435
238 -13.4349
239 -13.4334
240 -13.4298
241 -13.4248
242 -13.4203
243 -13.418
244 -13.4184
245 -13.421
246 -13.4239
247 -13.4254
248 -13.4249
249 -13.4233
250 -13.4228
251 -13.425
252 -13.4306
253 -13.4388
254 -13.4475
255 -13.4547
256 -13.4593
257 -13.4624
258 -13.4662
259 -13.4731
260 -13.4838
261 -13.4977
262 -13.5121
263 -13.5241
264 -13.5324
265 -13.5378
266 -13.543
267 -13.5509
268 -13.5623
269 -13.5758
270 -13.588
271 -13.5952
272 -13.5963
273 -13.5932
274 -13.5898
275 -13.5892
276 -13.5917
277 -13.5952
278 -13.5958
279 -13.5908
280 -13.5803
281 -13.5676
282 -13.5568
283 -13.5502
284 -13.5481
285 -13.5481
286 -13.5469
287 -13.5417
288 -13.5324
289 -13.5215
290 -13.5124
291 -13.5075
292 -13.5076
293 -13.5112
294 -13.5152
295 -13.5166
296 -13.514
297 -13.5086
298 -13.5034
299 -13.5013
300 -13.5039
301 -13.5107
302 -13.5196
303 -13.5274
304 -13.5314
305 -13.5314
306 -13.5297
307 -13.5294
308 -13.5333
309 -13.5422
310 -13.5548
311 -13.5683
312 -13.5791
313 -13.5854
314 -13.5879
315 -13.5896
316 -13.5942
317 -13.604
318 -13.6194
319 -13.6386
320 -13.6579
321 -13.6734
322 -13.6833
323 -13.6888
324 -13.6938
325 -13.7021
326 -13.7161
327 -13.7356
328 -13.7578
329 -13.7784
330 -13.7929
331 -13.7994
332 -13.8
333 -13.7988
334 -13.7993
335 -13.8029
336 -13.8087
337 -13.8139
338 -13.8153
339 -13.8106
340 -13.8
341 -13.7855
342 -13.7698
343 -13.7552
344 -13.7427
345 -13.7324
346 -13.7237
347 -13.7155
348 -13.7068
349 -13.6969
350 -13.6854
351 -13.6729
352 -13.6602
353 -13.6484
354 -13.6386
355 -13.6314
356 -13.6267
357 -13.6243
358 -13.6231
359 -13.6219
360 -13.62
361 -13.6168
362 -13.6125
363 -13.6082
364 -13.6047
365 -13.6031
366 -13.604
367 -13.6073
368 -13.6126
369 -13.6191
370 -13.6258
371 -13.6319
372 -13.6369
373 -13.641
374 -13.6445
375 -13.648
376 -13.652
377 -13.6569
378 -13.6629
379 -13.67
380 -13.6781
381 -13.6871
382 -13.6969
383 -13.7075
384 -13.7186
385 -13.7301
386 -13.7417
387 -13.7528
388 -13.763
389 -13.7722
390 -13.7803
391 -13.7878
392 -13.7954
393 -13.8039
394 -13.8142
395 -13.8269
396 -13.8426
397 -13.8614
398 -13.8832
399 -13.9075
400 -13.9336
401 -13.9607
402 -13.9876
403 -14.0135
404 -14.0377
405 -14.0598
406 -14.0798
407 -14.0977
408 -14.1138
409 -14.128
410 -14.1398
411 -14.1486
412 -14.1539
413 -14.1549
414 -14.1517
415 -14.1444
416 -14.1337
417 -14.1207
418 -14.1061
419 -14.0906
420 -14.0747
421 -14.0587
422 -14.0426
423 -14.0264
424 -14.0098
425 -13.9929
426 -13.9755
427 -13.9576
428 -13.9395
429 -13.9212
430 -13.903
431 -13.8852
432 -13.8681
433 -13.8517
434 -13.8364
435 -13.8222
436 -13.8092
437 -13.7974
438 -13.787
439 -13.7778
440 -13.7698
441 -13.7629
442 -13.7571
443 -13.7523
444 -13.7483
445 -13.7451
446 -13.7426
447 -13.7408
448 -13.7394
449 -13.7385
450 -13.7379
451 -13.7377
452 -13.7378
453 -13.7381
454 -13.7386
455 -13.7394
456 -13.7405
457 -13.7418
458 -13.7434
459 -13.7454
460 -13.7479
461 -13.7508
462 -13.7542
463 -13.7583
464 -13.7631
465 -13.7686
466 -13.775
467 -13.7822
468 -13.7903
469 -13.7994
470 -13.8095
471 -13.8207
472 -13.8329
473 -13.8462
474 -13.8606
475 -13.8762
476 -13.8928
477 -13.9106
478 -13.9295
479 -13.9495
480 -13.9706
481 -13.9927
482 -14.0159
483 -14.0399
484 -14.0648
485 -14.0904
486 -14.1166
487 -14.1431
488 -14.1696
489 -14.1959
490 -14.2215
491 -14.2459
492 -14.2686
493 -14.2889
494 -14.3064
495 -14.3207
496 -14.3315
497 -14.3388
498 -14.3429
499 -14.344
500 -14.3426
501 -14.3393
502 -14.3347
503 -14.3292
504 -14.3231
505 -14.3169
506 -14.3108
507 -14.3048
508 -14.2991
509 -14.2936
510 -14.2883
511 -14.2832
512 -14.2781
513 -14.2729
514 -14.2677
515 -14.2623
516 -14.2566
517 -14.2507
518 -14.2445
519 -14.2381
520 -14.2313
521 -14.2244
522 -14.2175
523 -14.2106
524 -14.2038
525 -14.1973
526 -14.1912
527 -14.1855
528 -14.1802
529 -14.1754
530 -14.1711
531 -14.1673
532 -14.1639
533 -14.161
534 -14.1586
535 -14.1565
536 -14.1548
537 -14.1533
538 -14.1521
539 -14.1509
540 -14.1497
541 -14.1486
542 -14.1475
543 -14.1463
544 -14.145
545 -14.1437
546 -14.1424
547 -14.1409
548 -14.1394
549 -14.1379
550 -14.1364
551 -14.1349
552 -14.1336
553 -14.1324
554 -14.1314
555 -14.1307
556 -14.1302
557 -14.13
558 -14.1302
559 -14.1305
560 -14.1311
561 -14.132
562 -14.133
563 -14.1342
564 -14.1355
565 -14.137
566 -14.1386
567 -14.1403
568 -14.142
569 -14.1438
570 -14.1455
571 -14.1471
572 -14.1487
573 -14.1501
574 -14.1515
575 -14.1527
576 -14.1538
577 -14.1547
578 -14.1555
579 -14.1561
580 -14.1566
581 -14.1568
582 -14.1569
583 -14.1568
584 -14.1566
585 -14.1562
586 -14.1557
587 -14.1549
588 -14.154
589 -14.1529
590 -14.1515
591 -14.15
592 -14.1483
593 -14.1464
594 -14.1443
595 -14.1421
596 -14.1397
597 -14.1371
598 -14.1344
599 -14.1315
600 -14.1286
601 -14.1256
602 -14.1227
603 -14.12
604 -14.1175
605 -14.1153
606 -14.1134
607 -14.1118
608 -14.1105
609 -14.1095
610 -14.1088
611 -14.1083
612 -14.1081
613 -14.1083
614 -14.1088
615 -14.1098
616 -14.1113
617 -14.1134
618 -14.1161
619 -14.1194
620 -14.1234
621 -14.1279
622 -14.1331
623 -14.139
624 -14.1455
625 -14.1528
626 -14.1609
627 -14.1697
628 -14.1794
629 -14.19
630 -14.2014
631 -14.2136
632 -14.2266
633 -14.2403
634 -14.2548
635 -14.27
636 -14.2859
637 -14.3026
638 -14.32
639 -14.3383
640 -14.3574
641 -14.3775
642 -14.3986
643 -14.4208
644 -14.4439
645 -14.468
646 -14.493
647 -14.5187
648 -14.5452
649 -14.5722
650 -14.5999
651 -14.628
652 -14.6566
653 -14.6857
654 -14.7152
655 -14.745
656 -14.7751
657 -14.8053
658 -14.8356
659 -14.8656
660 -14.8952
661 -14.924
662 -14.9516
663 -14.9776
664 -15.0017
665 -15.0236
666 -15.043
667 -15.0597
668 -15.0734
669 -15.0837
670 -15.0904
671 -15.0933
672 -15.0921
673 -15.0872
674 -15.0787
675 -15.0673
676 -15.0532
677 -15.037
678 -15.0191
679 -14.9999
680 -14.9798
681 -14.959
682 -14.9379
683 -14.9164
684 -14.8947
685 -14.8727
686 -14.8507
687 -14.8286
688 -14.8067
689 -14.7852
690 -14.7643
691 -14.7439
692 -14.7241
693 -14.7048
694 -14.6861
695 -14.6678
696 -14.6501
697 -14.6331
698 -14.6168
699 -14.6012
700 -14.5861
701 -14.5716
702 -14.5575
703 -14.544
704 -14.5311
705 -14.5188
706 -14.5071
707 -14.4959
708 -14.4852
709 -14.4748
710 -14.4649
711 -14.4555
712 -14.4467
713 -14.4384
714 -14.4306
715 -14.423
716 -14.4158
717 -14.4088
718 -14.4021
719 -14.3959
720 -14.3901
721 -14.3845
722 -14.3793
723 -14.3743
724 -14.3696
725 -14.3653
726 -14.3612
727 -14.3573
728 -14.3535
729 -14.3499
730 -14.3464
731 -14.3432
732 -14.3402
733 -14.3373
734 -14.3345
735 -14.3316
736 -14.3288
737 -14.3261
738 -14.3237
739 -14.3215
740 -14.3195
741 -14.3175
742 -14.3153
743 -14.313
744 -14.3108
745 -14.3089
746 -14.3073
747 -14.3059
748 -14.3044
749 -14.3026
750 -14.3009
751 -14.2992
752 -14.298
753 -14.297
754 -14.2962
755 -14.2953
756 -14.2943
757 -14.2934
758 -14.2928
759 -14.2927
760 -14.2931
761 -14.2937
762 -14.2944
763 -14.295
764 -14.2959
765 -14.2971
766 -14.2988
767 -14.3009
768 -14.3032
769 -14.3055
770 -14.3077
771 -14.31
772 -14.3128
773 -14.3161
774 -14.3199
775 -14.324
776 -14.3281
777 -14.3322
778 -14.3363
779 -14.3404
780 -14.3446
781 -14.3485
782 -14.3519
783 -14.3545
784 -14.3568
785 -14.359
786 -14.3616
787 -14.3644
788 -14.3671
789 -14.369
790 -14.3698
791 -14.3697
792 -14.3694
793 -14.3697
794 -14.3711
795 -14.3733
796 -14.3758
797 -14.3782
798 -14.3802
799 -14.3818
800 -14.3833
801 -14.3845
802 -14.3852
803 -14.3851
804 -14.3842
805 -14.383
806 -14.3821
807 -14.3821
808 -14.3827
809 -14.3835
810 -14.3839
811 -14.3836
812 -14.383
813 -14.3828
814 -14.3835
815 -14.3853
816 -14.3879
817 -14.3908
818 -14.3937
819 -14.3969
820 -14.4005
821 -14.4045
822 -14.4088
823 -14.4126
824 -14.4154
825 -14.4175
826 -14.4196
827 -14.4226
828 -14.4269
829 -14.4323
830 -14.4381
831 -14.4435
832 -14.4485
833 -14.4536
834 -14.4594
835 -14.4663
836 -14.4737
837 -14.481
838 -14.4876
839 -14.4937
840 -14.5002
841 -14.5078
842 -14.5165
843 -14.5253
844 -14.533
845 -14.5388
846 -14.5434
847 -14.5483
848 -14.5547
849 -14.5625
850 -14.5705
851 -14.5771
852 -14.5816
853 -14.5851
854 -14.5892
855 -14.5951
856 -14.602
857 -14.6082
858 -14.6118
859 -14.6127
860 -14.6127
861 -14.6143
862 -14.6182
863 -14.6234
864 -14.6272
865 -14.6276
866 -14.6253
867 -14.6228
868 -14.6227
869 -14.6257
870 -14.6297
871 -14.6316
872 -14.6295
873 -14.6249
874 -14.6212
875 -14.6213
876 -14.6249
877 -14.629
878 -14.6296
879 -14.6253
880 -14.6193
881 -14.6163
882 -14.6195
883 -14.6273
884 -14.6341
885 -14.6332
886 -14.6233
887 -14.6107
888 -14.6054
889 -14.6163
890 -14.6531
