0 0
1 -0.0344322
2 -0.138217
3 -0.311666
4 -0.555021
5 -0.868267
6 -1.25094
7 -1.70196
8 -2.21946
9 -2.80057
10 -3.44105
11 -4.13458
12 -4.87157
13 -5.63754
14 -6.41144
15 -7.16513
16 -7.86556
17 -8.48131
18 -8.99225
19 -9.39771
20 -9.71786
21 -9.98729
22 -10.2455
23 -10.5295
24 -10.8714
25 -11.2986
26 -11.836
27 -12.5085
28 -13.3433
29 -14.372
30 -15.6352
31 -17.1889
32 -19.118
33 -21.5605
34 -24.7438
35 -28.8803
36 -32.1302
37 -29.8381
38 -26.4884
39 -24.1104
40 -22.5125
41 -21.4666
42 -20.8322
43 -20.522
44 -20.4802
45 -20.6725
46 -21.0827
47 -21.7116
48 -22.5763
49 -23.7074
50 -25.1443
51 -26.9195
52 -29.0073
53 -31.1551
54 -32.5837
55 -32.4519
56 -31.1999
57 -29.7332
58 -28.4416
59 -27.4077
60 -26.6354
61 -26.1195
62 -25.856
63 -25.8383
64 -26.0525
65 -26.4736
66 -27.0646
67 -27.7794
68 -28.5701
69 -29.3947
70 -30.218
71 -31.0001
72 -31.681
73 -32.1828
74 -32.4482
75 -32.4841
76 -32.3582
77 -32.1479
78 -31.8989
79 -31.6234
80 -31.3234
81 -31.0144
82 -30.7303
83 -30.5116
84 -30.388
85 -30.3677
86 -30.4328
87 -30.5416
88 -30.6354
89 -30.6523
90 -30.5458
91 -30.3017
92 -29.9419
93 -29.5127
94 -29.0647
95 -28.6369
96 -28.2483
97 -27.8973
98 -27.5681
99 -27.2398
100 -26.8986
101 -26.5446
102 -26.191
103 -25.8555
104 -25.5515
105 -25.2807
106 -25.0328
107 -24.7897
108 -24.5338
109 -24.2563
110 -23.9615
111 -23.664
112 -23.3809
113 -23.1232
114 -22.8905
115 -22.6703
116 -22.4438
117 -22.195
118 -21.9204
119 -21.632
120 -21.3531
121 -21.1072
122 -20.9085
123 -20.755
124 -20.6295
125 -20.5054
126 -20.3591
127 -20.182
128 -19.9858
129 -19.7958
130 -19.6384
131 -19.5289
132 -19.4641
133 -19.4232
134 -19.3759
135 -19.2961
136 -19.1752
137 -19.0266
138 -18.8775
139 -18.7543
140 -18.6702
141 -18.6194
142 -18.5799
143 -18.5237
144 -18.431
145 -18.3006
146 -18.1503
147 -18.0057
148 -17.8874
149 -17.801
150 -17.7362
151 -17.6725
152 -17.5906
153 -17.4835
154 -17.3596
155 -17.2376
156 -17.1354
157 -17.0609
158 -17.0082
159 -16.9625
160 -16.9084
161 -16.8398
162 -16.7637
163 -16.696
164 -16.6513
165 -16.6346
166 -16.6373
167 -16.6419
168 -16.6316
169 -16.6011
170 -16.5603
171 -16.5292
172 -16.5257
173 -16.5548
174 -16.6044
175 -16.6501
176 -16.6677
177 -16.6479
178 -16.6025
179 -16.5576
180 -16.5377
181 -16.5521
182 -16.5889
183 -16.6203
184 -16.6174
185 -16.5678
186 -16.4836
187 -16.3938
188 -16.3268
189 -16.295
190 -16.2893
191 -16.2845
192 -16.2541
193 -16.1869
194 -16.094
195 -16.002
196 -15.9366
197 -15.9088
198 -15.9098
199 -15.9173
200 -15.9084
201 -15.8742
202 -15.8257
203 -15.7863
204 -15.7774
205 -15.8057
206 -15.8592
207 -15.914
208 -15.9482
209 -15.9558
210 -15.9513
211 -15.9601
212 -16.0025
213 -16.0809
214 -16.1773
215 -16.2616
216 -16.3097
217 -16.3186
218 -16.309
219 -16.3118
220 -16.3486
221 -16.4186
222 -16.4985
223 -16.5541
224 -16.5616
225 -16.5233
226 -16.4664
227 -16.4248
228 -16.4191
229 -16.4452
230 -16.4772
231 -16.4825
232 -16.4427
233 -16.3655
234 -16.2796
235 -16.2163
236 -16.1911
237 -16.196
238 -16.205
239 -16.1898
240 -16.1375
241 -16.0597
242 -15.9847
243 -15.9397
244 -15.9363
245 -15.9643
246 -15.9983
247 -16.0122
248 -15.9958
249 -15.9615
250 -15.9366
251 -15.947
252 -16.0033
253 -16.0956
254 -16.1988
255 -16.2865
256 -16.3465
257 -16.3892
258 -16.4405
259 -16.5265
260 -16.6591
261 -16.8292
262 -17.0103
263 -17.1726
264 -17.2996
265 -17.3982
266 -17.4937
267 -17.6129
268 -17.768
269 -17.9479
270 -18.1219
271 -18.2557
272 -18.3308
273 -18.3558
274 -18.3601
275 -18.374
276 -18.4114
277 -18.4622
278 -18.4981
279 -18.4895
280 -18.4239
281 -18.3144
282 -18.1914
283 -18.0857
284 -18.0134
285 -17.9701
286 -17.9357
287 -17.886
288 -17.8066
289 -17.7014
290 -17.5901
291 -17.497
292 -17.4394
293 -17.42
294 -17.4268
295 -17.4396
296 -17.4399
297 -17.4207
298 -17.3895
299 -17.3645
300 -17.3643
301 -17.3993
302 -17.4674
303 -17.5548
304 -17.6424
305 -17.7152
306 -17.7699
307 -17.8159
308 -17.8709
309 -17.9514
310 -18.0659
311 -18.2111
312 -18.3741
313 -18.5378
314 -18.6895
315 -18.8265
316 -18.9568
317 -19.0951
318 -19.2551
319 -19.4444
320 -19.6615
321 -19.8975
322 -20.14
323 -20.378
324 -20.6053
325 -20.8215
326 -21.0304
327 -21.237
328 -21.4455
329 -21.658
330 -21.874
331 -22.0893
332 -22.2947
333 -22.4759
334 -22.6156
335 -22.6991
336 -22.7212
337 -22.6899
338 -22.624
339 -22.5439
340 -22.4623
341 -22.3784
342 -22.2779
343 -22.1406
344 -21.9518
345 -21.7117
346 -21.4378
347 -21.1576
348 -20.8978
349 -20.6756
350 -20.4943
351 -20.3444
352 -20.208
353 -20.0657
354 -19.9047
355 -19.7238
356 -19.5333
357 -19.3508
358 -19.1944
359 -19.0776
360 -19.006
361 -18.9768
362 -18.98
363 -19.0012
364 -19.0252
365 -19.0403
366 -19.0413
367 -19.0303
368 -19.0156
369 -19.009
370 -19.0221
371 -19.0639
372 -19.139
373 -19.2469
374 -19.3827
375 -19.5373
376 -19.6997
377 -19.8588
378 -20.0054
379 -20.1341
380 -20.2439
381 -20.3386
382 -20.4252
383 -20.5123
384 -20.6094
385 -20.7247
386 -20.8652
387 -21.0357
388 -21.2383
389 -21.4727
390 -21.7353
391 -22.0196
392 -22.3162
393 -22.6142
394 -22.9028
395 -23.1738
396 -23.424
397 -23.6568
398 -23.8819
399 -24.1137
400 -24.3686
401 -24.6628
402 -25.0095
403 -25.4175
404 -25.8903
405 -26.4249
406 -27.0112
407 -27.6309
408 -28.2577
409 -28.8579
410 -29.3944
411 -29.8314
412 -30.141
413 -30.308
414 -30.33
415 -30.2153
416 -29.979
417 -29.6406
418 -29.2217
419 -28.7456
420 -28.2353
421 -27.7123
422 -27.1946
423 -26.6962
424 -26.2271
425 -25.7932
426 -25.3969
427 -25.038
428 -24.7143
429 -24.422
430 -24.1566
431 -23.9132
432 -23.6873
433 -23.4748
434 -23.2724
435 -23.0779
436 -22.8899
437 -22.7081
438 -22.5325
439 -22.3641
440 -22.2039
441 -22.0529
442 -21.9123
443 -21.7828
444 -21.6652
445 -21.5597
446 -21.4667
447 -21.386
448 -21.3176
449 -21.2611
450 -21.2162
451 -21.1826
452 -21.1601
453 -21.1482
454 -21.1468
455 -21.1554
456 -21.1738
457 -21.2018
458 -21.2388
459 -21.2844
460 -21.3382
461 -21.3996
462 -21.4679
463 -21.5425
464 -21.6228
465 -21.7081
466 -21.7978
467 -21.8914
468 -21.9884
469 -22.0884
470 -22.1913
471 -22.2969
472 -22.4053
473 -22.5166
474 -22.6314
475 -22.7501
476 -22.8734
477 -23.0021
478 -23.1369
479 -23.2786
480 -23.4281
481 -23.5863
482 -23.7541
483 -23.9325
484 -24.1226
485 -24.3255
486 -24.5423
487 -24.7743
488 -25.0229
489 -25.2893
490 -25.5751
491 -25.8819
492 -26.2113
493 -26.5653
494 -26.946
495 -27.3559
496 -27.7977
497 -28.2747
498 -28.7904
499 -29.3492
500 -29.9564
501 -30.6184
502 -31.343
503 -32.1403
504 -33.0229
505 -34.0078
506 -35.1177
507 -36.3849
508 -37.8566
509 -39.606
510 -41.7536
511 -44.5103
512 -48.2381
513 -52.854
514 -52.6263
515 -48.1497
516 -44.6656
517 -42.1208
518 -40.1645
519 -38.5942
520 -37.2935
521 -36.191
522 -35.24
523 -34.4089
524 -33.6749
525 -33.0215
526 -32.4362
527 -31.9093
528 -31.4332
529 -31.0015
530 -30.609
531 -30.2509
532 -29.9235
533 -29.6234
534 -29.3479
535 -29.0949
536 -28.8627
537 -28.65
538 -28.4556
539 -28.2785
540 -28.1175
541 -27.9714
542 -27.8389
543 -27.7187
544 -27.6097
545 -27.5108
546 -27.4213
547 -27.3405
548 -27.2683
549 -27.2042
550 -27.1481
551 -27.0998
552 -27.0589
553 -27.0252
554 -26.9981
555 -26.9774
556 -26.9629
557 -26.9543
558 -26.9514
559 -26.9543
560 -26.9626
561 -26.9763
562 -26.995
563 -27.0181
564 -27.045
565 -27.075
566 -27.1073
567 -27.1409
568 -27.1752
569 -27.2094
570 -27.2428
571 -27.2748
572 -27.3049
573 -27.3323
574 -27.3563
575 -27.376
576 -27.3908
577 -27.3999
578 -27.4031
579 -27.4001
580 -27.391
581 -27.3761
582 -27.3557
583 -27.33
584 -27.2992
585 -27.2631
586 -27.2217
587 -27.1751
588 -27.1233
589 -27.067
590 -27.0068
591 -26.9438
592 -26.8789
593 -26.8128
594 -26.746
595 -26.6789
596 -26.6116
597 -26.5444
598 -26.4776
599 -26.4122
600 -26.3495
601 -26.291
602 -26.2387
603 -26.194
604 -26.1581
605 -26.1318
606 -26.115
607 -26.1072
608 -26.1076
609 -26.1153
610 -26.1297
611 -26.1505
612 -26.1779
613 -26.2127
614 -26.2558
615 -26.3083
616 -26.3713
617 -26.4453
618 -26.5308
619 -26.6277
620 -26.736
621 -26.8554
622 -26.9859
623 -27.1276
624 -27.2807
625 -27.4458
626 -27.6236
627 -27.8146
628 -28.0192
629 -28.2374
630 -28.469
631 -28.7133
632 -28.9694
633 -29.2362
634 -29.5132
635 -29.8
636 -30.0965
637 -30.4035
638 -30.722
639 -31.0532
640 -31.3986
641 -31.7592
642 -32.1357
643 -32.5283
644 -32.9362
645 -33.3579
646 -33.7918
647 -34.2357
648 -34.6881
649 -35.1478
650 -35.6141
651 -36.0869
652 -36.5666
653 -37.0534
654 -37.5477
655 -38.0497
656 -38.5594
657 -39.0759
658 -39.598
659 -40.1232
660 -40.6482
661 -41.1694
662 -41.683
663 -42.1853
664 -42.6734
665 -43.1446
666 -43.596
667 -44.0241
668 -44.4242
669 -44.7907
670 -45.1176
671 -45.3989
672 -45.6303
673 -45.8089
674 -45.9341
675 -46.0066
676 -46.029
677 -46.0047
678 -45.9379
679 -45.8335
680 -45.6959
681 -45.529
682 -45.3352
683 -45.1152
684 -44.8692
685 -44.5974
686 -44.3013
687 -43.9846
688 -43.6521
689 -43.3093
690 -42.9605
691 -42.608
692 -42.2526
693 -41.8942
694 -41.5336
695 -41.1728
696 -40.815
697 -40.463
698 -40.1184
699 -39.7807
700 -39.4482
701 -39.1195
702 -38.7948
703 -38.4764
704 -38.1669
705 -37.8677
706 -37.5783
707 -37.2964
708 -37.0198
709 -36.7482
710 -36.4834
711 -36.2279
712 -35.9828
713 -35.7471
714 -35.5178
715 -35.2923
716 -35.0697
717 -34.8513
718 -34.6393
719 -34.4348
720 -34.2375
721 -34.0459
722 -33.859
723 -33.677
724 -33.5005
725 -33.3301
726 -33.1649
727 -33.0035
728 -32.8451
729 -32.6901
730 -32.5404
731 -32.3973
732 -32.2605
733 -32.1279
734 -31.9974
735 -31.8683
736 -31.7423
737 -31.6226
738 -31.5113
739 -31.4081
740 -31.3097
741 -31.2125
742 -31.1155
743 -31.0211
744 -30.9336
745 -30.8559
746 -30.7876
747 -30.7245
748 -30.6626
749 -30.6004
750 -30.5408
751 -30.4882
752 -30.4456
753 -30.412
754 -30.3834
755 -30.3559
756 -30.3287
757 -30.3048
758 -30.2893
759 -30.2855
760 -30.2927
761 -30.3073
762 -30.3248
763 -30.3435
764 -30.3652
765 -30.3929
766 -30.4287
767 -30.4709
768 -30.5159
769 -30.5603
770 -30.6042
771 -30.6512
772 -30.7056
773 -30.7692
774 -30.8396
775 -30.9115
776 -30.9809
777 -31.0475
778 -31.1144
779 -31.1851
780 -31.2594
781 -31.3322
782 -31.3963
783 -31.4483
784 -31.4912
785 -31.5334
786 -31.5826
787 -31.6399
788 -31.6983
789 -31.7464
790 -31.7767
791 -31.7913
792 -31.8014
793 -31.8208
794 -31.8584
795 -31.9133
796 -31.9773
797 -32.0406
798 -32.0977
799 -32.1486
800 -32.195
801 -32.2356
802 -32.265
803 -32.2775
804 -32.2735
805 -32.2623
806 -32.2576
807 -32.2702
808 -32.3005
809 -32.3386
810 -32.371
811 -32.3904
812 -32.4012
813 -32.4166
814 -32.4503
815 -32.508
816 -32.5858
817 -32.6745
818 -32.7672
819 -32.8638
820 -32.9687
821 -33.0837
822 -33.2029
823 -33.314
824 -33.4066
825 -33.4818
826 -33.5543
827 -33.6437
828 -33.7627
829 -33.9094
830 -34.0688
831 -34.224
832 -34.3688
833 -34.512
834 -34.6697
835 -34.8518
836 -35.0535
837 -35.2578
838 -35.4496
839 -35.6285
840 -35.8108
841 -36.016
842 -36.2491
843 -36.4922
844 -36.7138
845 -36.8924
846 -37.0353
847 -37.1744
848 -37.3415
849 -37.5428
850 -37.752
851 -37.9289
852 -38.0522
853 -38.139
854 -38.2304
855 -38.3551
856 -38.5023
857 -38.6253
858 -38.6769
859 -38.6531
860 -38.6004
861 -38.5779
862 -38.6108
863 -38.6697
864 -38.69
865 -38.6242
866 -38.4862
867 -38.3418
868 -38.2544
869 -38.2381
870 -38.2472
871 -38.2085
872 -38.082
873 -37.8989
874 -37.7357
875 -37.6514
876 -37.6445
877 -37.6517
878 -37.5934
879 -37.4434
880 -37.2592
881 -37.1353
882 -37.1294
883 -37.2162
884 -37.2875
885 -37.2189
886 -36.9839
887 -36.6981
888 -36.5427
889 -36.6852
890 -37.3024
