0 -12.7408
1 -12.7426
2 -12.7478
3 -12.7563
4 -12.7683
5 -12.7838
6 -12.8027
7 -12.8252
8 -12.8511
9 -12.8803
10 -12.9126
11 -12.9476
12 -12.9846
13 -13.0229
14 -13.0613
15 -13.0986
16 -13.1332
17 -13.1639
18 -13.1897
19 -13.2104
20 -13.2269
21 -13.2405
22 -13.2533
23 -13.2671
24 -13.2838
25 -13.3049
26 -13.3318
27 -13.3656
28 -13.4075
29 -13.4592
30 -13.5226
31 -13.6005
32 -13.6973
33 -13.8197
34 -13.9785
35 -14.1825
36 -14.3402
37 -14.2326
38 -14.0688
39 -13.95
40 -13.8685
41 -13.8139
42 -13.7799
43 -13.7628
44 -13.7606
45 -13.7716
46 -13.7949
47 -13.8298
48 -13.8759
49 -13.9336
50 -14.0038
51 -14.0879
52 -14.1849
53 -14.2836
54 -14.3478
55 -14.3384
56 -14.2769
57 -14.2082
58 -14.1515
59 -14.1094
60 -14.0798
61 -14.0598
62 -14.0476
63 -14.0426
64 -14.0456
65 -14.0575
66 -14.0795
67 -14.1118
68 -14.154
69 -14.2039
70 -14.2577
71 -14.3096
72 -14.3526
73 -14.3796
74 -14.3872
75 -14.3772
76 -14.3563
77 -14.3322
78 -14.3109
79 -14.2958
80 -14.2874
81 -14.2845
82 -14.2843
83 -14.2842
84 -14.2821
85 -14.2776
86 -14.2716
87 -14.2655
88 -14.26
89 -14.2552
90 -14.2503
91 -14.244
92 -14.2349
93 -14.2218
94 -14.2043
95 -14.1833
96 -14.1604
97 -14.1376
98 -14.1164
99 -14.0974
100 -14.0806
101 -14.0652
102 -14.0502
103 -14.0351
104 -14.0198
105 -14.0046
106 -13.9904
107 -13.9773
108 -13.9654
109 -13.954
110 -13.942
111 -13.9287
112 -13.9139
113 -13.8981
114 -13.8825
115 -13.8681
116 -13.8557
117 -13.8452
118 -13.8359
119 -13.8265
120 -13.8159
121 -13.8036
122 -13.7902
123 -13.7772
124 -13.7658
125 -13.7571
126 -13.7512
127 -13.747
128 -13.7432
129 -13.7381
130 -13.731
131 -13.7224
132 -13.7136
133 -13.7061
134 -13.7009
135 -13.698
136 -13.6965
137 -13.6948
138 -13.6914
139 -13.6858
140 -13.6786
141 -13.671
142 -13.6645
143 -13.6598
144 -13.6567
145 -13.6542
146 -13.651
147 -13.6462
148 -13.6399
149 -13.6327
150 -13.6258
151 -13.6202
152 -13.616
153 -13.6127
154 -13.6094
155 -13.6052
156 -13.6001
157 -13.5946
158 -13.5897
159 -13.586
160 -13.5838
161 -13.5824
162 -13.5808
163 -13.5785
164 -13.5752
165 -13.5718
166 -13.5692
167 -13.5683
168 -13.5691
169 -13.5709
170 -13.5724
171 -13.5725
172 -13.5709
173 -13.5686
174 -13.5667
175 -13.5666
176 -13.5685
177 -13.5716
178 -13.5743
179 -13.5751
180 -13.5735
181 -13.5703
182 -13.5669
183 -13.565
184 -13.5649
185 -13.5662
186 -13.5671
187 -13.5662
188 -13.5629
189 -13.558
190 -13.5531
191 -13.5495
192 -13.5478
193 -13.5474
194 -13.547
195 -13.5453
196 -13.5419
197 -13.5377
198 -13.534
199 -13.532
200 -13.532
201 -13.5332
202 -13.5344
203 -13.5343
204 -13.5329
205 -13.531
206 -13.53
207 -13.5311
208 -13.5343
209 -13.5386
210 -13.5424
211 -13.5444
212 -13.5444
213 -13.5439
214 -13.5443
215 -13.547
216 -13.5517
217 -13.5572
218 -13.5615
219 -13.5632
220 -13.5623
221 -13.5605
222 -13.5597
223 -13.561
224 -13.5643
225 -13.5678
226 -13.5697
227 -13.5686
228 -13.5652
229 -13.5612
230 -13.5586
231 -13.5582
232 -13.5596
233 -13.5609
234 -13.5603
235 -13.5572
236 -13.5523
237 -13.5476
238 -13.5448
239 -13.5444
240 -13.5456
241 -13.5466
242 -13.5459
243 -13.5429
244 -13.5388
245 -13.5353
246 -13.5342
247 -13.5356
248 -13.5388
249 -13.542
250 -13.5436
251 -13.5433
252 -13.5422
253 -13.542
254 -13.5442
255 -13.5493
256 -13.5562
257 -13.5632
258 -13.5687
259 -13.5723
260 -13.575
261 -13.5787
262 -13.5848
263 -13.5936
264 -13.604
265 -13.6139
266 -13.6217
267 -13.6268
268 -13.6302
269 -13.6341
270 -13.6399
271 -13.6476
272 -13.6558
273 -13.6622
274 -13.6653
275 -13.6648
276 -13.6623
277 -13.66
278 -13.6591
279 -13.6596
280 -13.6602
281 -13.6592
282 -13.6556
283 -13.6496
284 -13.6429
285 -13.6369
286 -13.6328
287 -13.6304
288 -13.6288
289 -13.6268
290 -13.6235
291 -13.6192
292 -13.6147
293 -13.6111
294 -13.6092
295 -13.609
296 -13.6099
297 -13.6111
298 -13.6118
299 -13.6118
300 -13.6116
301 -13.6118
302 -13.6131
303 -13.6157
304 -13.6195
305 -13.6239
306 -13.6285
307 -13.6328
308 -13.6369
309 -13.641
310 -13.6456
311 -13.651
312 -13.6574
313 -13.6646
314 -13.6724
315 -13.6805
316 -13.6886
317 -13.6969
318 -13.7055
319 -13.7147
320 -13.7246
321 -13.7353
322 -13.7465
323 -13.758
324 -13.7694
325 -13.7805
326 -13.7914
327 -13.8023
328 -13.8133
329 -13.8247
330 -13.836
331 -13.8468
332 -13.8562
333 -13.8636
334 -13.8689
335 -13.8722
336 -13.8739
337 -13.8745
338 -13.8739
339 -13.8718
340 -13.8678
341 -13.8616
342 -13.8532
343 -13.8433
344 -13.8327
345 -13.8219
346 -13.8114
347 -13.8011
348 -13.7908
349 -13.7804
350 -13.7696
351 -13.7587
352 -13.7479
353 -13.7379
354 -13.7289
355 -13.7212
356 -13.7149
357 -13.7097
358 -13.7053
359 -13.7014
360 -13.6978
361 -13.6944
362 -13.6911
363 -13.6883
364 -13.6861
365 -13.6849
366 -13.6848
367 -13.6861
368 -13.6886
369 -13.6922
370 -13.6966
371 -13.7014
372 -13.7062
373 -13.7109
374 -13.7152
375 -13.7193
376 -13.7233
377 -13.7275
378 -13.7321
379 -13.7374
380 -13.7434
381 -13.7503
382 -13.7579
383 -13.7663
384 -13.7752
385 -13.7846
386 -13.7943
387 -13.8042
388 -13.814
389 -13.8237
390 -13.8332
391 -13.8424
392 -13.8516
393 -13.8611
394 -13.8712
395 -13.8825
396 -13.8951
397 -13.9096
398 -13.9258
399 -13.9439
400 -13.9636
401 -13.9847
402 -14.0069
403 -14.03
404 -14.0537
405 -14.0781
406 -14.1028
407 -14.1279
408 -14.1529
409 -14.1771
410 -14.1996
411 -14.2189
412 -14.2337
413 -14.2426
414 -14.2449
415 -14.2406
416 -14.2305
417 -14.2157
418 -14.1976
419 -14.1771
420 -14.1552
421 -14.1325
422 -14.1097
423 -14.087
424 -14.0648
425 -14.0434
426 -14.0229
427 -14.0036
428 -13.9854
429 -13.9685
430 -13.9527
431 -13.9381
432 -13.9244
433 -13.9117
434 -13.8998
435 -13.8885
436 -13.8779
437 -13.8679
438 -13.8585
439 -13.8497
440 -13.8415
441 -13.8339
442 -13.827
443 -13.8209
444 -13.8155
445 -13.8108
446 -13.8069
447 -13.8037
448 -13.8011
449 -13.7992
450 -13.7979
451 -13.7971
452 -13.7968
453 -13.7969
454 -13.7974
455 -13.7982
456 -13.7994
457 -13.8009
458 -13.8027
459 -13.8049
460 -13.8075
461 -13.8105
462 -13.8139
463 -13.8178
464 -13.8222
465 -13.827
466 -13.8324
467 -13.8383
468 -13.8447
469 -13.8516
470 -13.8589
471 -13.8666
472 -13.8747
473 -13.8832
474 -13.8919
475 -13.9009
476 -13.9101
477 -13.9195
478 -13.9291
479 -13.9388
480 -13.9486
481 -13.9585
482 -13.9685
483 -13.9787
484 -13.989
485 -13.9996
486 -14.0103
487 -14.0214
488 -14.0329
489 -14.0448
490 -14.0573
491 -14.0703
492 -14.084
493 -14.0986
494 -14.114
495 -14.1304
496 -14.148
497 -14.1668
498 -14.1871
499 -14.2089
500 -14.2325
501 -14.2581
502 -14.286
503 -14.3163
504 -14.3493
505 -14.3856
506 -14.4253
507 -14.4691
508 -14.5174
509 -14.5708
510 -14.63
511 -14.6948
512 -14.7641
513 -14.8334
514 -14.8918
515 -14.9221
516 -14.9117
517 -14.8674
518 -14.8065
519 -14.7426
520 -14.682
521 -14.6267
522 -14.577
523 -14.5326
524 -14.4928
525 -14.4571
526 -14.425
527 -14.3961
528 -14.3698
529 -14.346
530 -14.3243
531 -14.3044
532 -14.2862
533 -14.2694
534 -14.2539
535 -14.2397
536 -14.2265
537 -14.2143
538 -14.2031
539 -14.1927
540 -14.1831
541 -14.1743
542 -14.1661
543 -14.1586
544 -14.1517
545 -14.1454
546 -14.1395
547 -14.1341
548 -14.1292
549 -14.1247
550 -14.1207
551 -14.1171
552 -14.1141
553 -14.1114
554 -14.1092
555 -14.1075
556 -14.1061
557 -14.1052
558 -14.1046
559 -14.1044
560 -14.1045
561 -14.1051
562 -14.1059
563 -14.107
564 -14.1084
565 -14.11
566 -14.1118
567 -14.1136
568 -14.1155
569 -14.1173
570 -14.1191
571 -14.1207
572 -14.1222
573 -14.1235
574 -14.1245
575 -14.1253
576 -14.1258
577 -14.1259
578 -14.1257
579 -14.125
580 -14.1239
581 -14.1224
582 -14.1206
583 -14.1185
584 -14.1161
585 -14.1134
586 -14.1104
587 -14.1072
588 -14.1037
589 -14.1001
590 -14.0963
591 -14.0924
592 -14.0885
593 -14.0847
594 -14.0808
595 -14.0771
596 -14.0735
597 -14.07
598 -14.0666
599 -14.0634
600 -14.0604
601 -14.0576
602 -14.0552
603 -14.0532
604 -14.0516
605 -14.0505
606 -14.0499
607 -14.0497
608 -14.05
609 -14.0506
610 -14.0515
611 -14.0527
612 -14.0542
613 -14.0561
614 -14.0583
615 -14.061
616 -14.0642
617 -14.0678
618 -14.0721
619 -14.0769
620 -14.0823
621 -14.0882
622 -14.0947
623 -14.1017
624 -14.1093
625 -14.1174
626 -14.1262
627 -14.1356
628 -14.1457
629 -14.1564
630 -14.1678
631 -14.1798
632 -14.1925
633 -14.2057
634 -14.2194
635 -14.2336
636 -14.2483
637 -14.2636
638 -14.2794
639 -14.2959
640 -14.3131
641 -14.3311
642 -14.35
643 -14.3696
644 -14.3901
645 -14.4113
646 -14.4332
647 -14.4556
648 -14.4786
649 -14.5019
650 -14.5256
651 -14.5497
652 -14.5742
653 -14.5991
654 -14.6244
655 -14.6502
656 -14.6765
657 -14.7032
658 -14.7303
659 -14.7577
660 -14.7852
661 -14.8126
662 -14.8397
663 -14.8664
664 -14.8924
665 -14.9177
666 -14.9421
667 -14.9653
668 -14.9872
669 -15.0075
670 -15.0257
671 -15.0414
672 -15.0544
673 -15.0643
674 -15.0711
675 -15.0747
676 -15.0754
677 -15.0732
678 -15.0681
679 -15.0605
680 -15.0506
681 -15.0385
682 -15.0245
683 -15.0088
684 -14.9914
685 -14.9726
686 -14.9525
687 -14.9314
688 -14.9096
689 -14.8876
690 -14.8655
691 -14.8436
692 -14.8219
693 -14.8005
694 -14.7793
695 -14.7586
696 -14.7384
697 -14.7188
698 -14.6999
699 -14.6817
700 -14.664
701 -14.6468
702 -14.6301
703 -14.6139
704 -14.5984
705 -14.5837
706 -14.5696
707 -14.5559
708 -14.5427
709 -14.5299
710 -14.5175
711 -14.5056
712 -14.4943
713 -14.4836
714 -14.4732
715 -14.4631
716 -14.4531
717 -14.4434
718 -14.4341
719 -14.4251
720 -14.4165
721 -14.4082
722 -14.4001
723 -14.3924
724 -14.3849
725 -14.3778
726 -14.3709
727 -14.3643
728 -14.3578
729 -14.3515
730 -14.3454
731 -14.3397
732 -14.3343
733 -14.3292
734 -14.3242
735 -14.3193
736 -14.3145
737 -14.31
738 -14.3059
739 -14.3021
740 -14.2986
741 -14.2952
742 -14.2919
743 -14.2886
744 -14.2857
745 -14.2832
746 -14.2811
747 -14.2793
748 -14.2775
749 -14.2757
750 -14.2741
751 -14.2728
752 -14.272
753 -14.2716
754 -14.2715
755 -14.2714
756 -14.2713
757 -14.2714
758 -14.2718
759 -14.2728
760 -14.2744
761 -14.2763
762 -14.2783
763 -14.2804
764 -14.2826
765 -14.285
766 -14.2879
767 -14.291
768 -14.2941
769 -14.2971
770 -14.3
771 -14.3029
772 -14.3063
773 -14.3102
774 -14.3145
775 -14.3189
776 -14.323
777 -14.3269
778 -14.3307
779 -14.3346
780 -14.3387
781 -14.3427
782 -14.3462
783 -14.349
784 -14.3514
785 -14.3536
786 -14.356
787 -14.3587
788 -14.3611
789 -14.3628
790 -14.3633
791 -14.363
792 -14.3626
793 -14.3627
794 -14.3638
795 -14.3655
796 -14.3676
797 -14.3693
798 -14.3707
799 -14.3717
800 -14.3727
801 -14.3735
802 -14.3737
803 -14.3731
804 -14.3717
805 -14.3699
806 -14.3686
807 -14.3683
808 -14.3689
809 -14.3699
810 -14.3706
811 -14.3706
812 -14.3703
813 -14.3704
814 -14.3715
815 -14.3737
816 -14.3769
817 -14.3804
818 -14.3841
819 -14.388
820 -14.3924
821 -14.3973
822 -14.4024
823 -14.407
824 -14.4106
825 -14.4134
826 -14.4162
827 -14.42
828 -14.4253
829 -14.432
830 -14.4391
831 -14.4459
832 -14.4522
833 -14.4586
834 -14.4658
835 -14.4741
836 -14.4833
837 -14.4923
838 -14.5005
839 -14.5081
840 -14.5159
841 -14.525
842 -14.5354
843 -14.546
844 -14.5552
845 -14.5622
846 -14.5675
847 -14.5729
848 -14.5799
849 -14.5884
850 -14.597
851 -14.6038
852 -14.608
853 -14.6107
854 -14.614
855 -14.619
856 -14.625
857 -14.6297
858 -14.6309
859 -14.6289
860 -14.6259
861 -14.6246
862 -14.6261
863 -14.6287
864 -14.6294
865 -14.626
866 -14.6195
867 -14.613
868 -14.6094
869 -14.6092
870 -14.6101
871 -14.6086
872 -14.6029
873 -14.5947
874 -14.5876
875 -14.5844
876 -14.5849
877 -14.586
878 -14.5838
879 -14.5772
880 -14.5689
881 -14.5637
882 -14.5644
883 -14.5696
884 -14.5739
885 -14.5713
886 -14.5603
887 -14.5469
888 -14.54
889 -14.5481
890 -14.58
