0 0
1 -0.0356549
2 -0.139165
3 -0.310716
4 -0.550786
5 -0.860013
6 -1.23896
7 -1.68774
8 -2.2055
9 -2.78977
10 -3.4357
11 -4.13521
12 -4.8762
13 -5.64184
14 -6.41028
15 -7.15517
16 -7.84774
17 -8.46125
18 -8.97739
19 -9.39274
20 -9.7218
21 -9.99446
22 -10.2492
23 -10.5258
24 -10.8601
25 -11.2828
26 -11.8198
27 -12.4953
28 -13.3346
29 -14.368
30 -15.6357
31 -17.1943
32 -19.1294
33 -21.5772
34 -24.7541
35 -28.8347
36 -31.9884
37 -29.8354
38 -26.561
39 -24.1846
40 -22.5548
41 -21.4623
42 -20.7818
43 -20.441
44 -20.3956
45 -20.6166
46 -21.083
47 -21.7804
48 -22.7027
49 -23.8558
50 -25.2602
51 -26.9415
52 -28.8821
53 -30.8559
54 -32.1403
55 -31.9512
56 -30.7221
57 -29.3483
58 -28.2139
59 -27.3725
60 -26.7796
61 -26.3795
62 -26.1353
63 -26.0366
64 -26.0954
65 -26.3342
66 -26.7734
67 -27.4209
68 -28.264
69 -29.2617
70 -30.3375
71 -31.3767
72 -32.2355
73 -32.7766
74 -32.9277
75 -32.728
76 -32.3096
77 -31.8277
78 -31.403
79 -31.1002
80 -30.9329
81 -30.8738
82 -30.871
83 -30.8678
84 -30.8253
85 -30.7355
86 -30.6164
87 -30.4933
88 -30.3833
89 -30.2871
90 -30.1897
91 -30.065
92 -29.883
93 -29.6204
94 -29.2708
95 -28.8504
96 -28.3927
97 -27.9364
98 -27.5117
99 -27.1327
100 -26.7965
101 -26.4881
102 -26.189
103 -25.8865
104 -25.5794
105 -25.2769
106 -24.9915
107 -24.731
108 -24.4927
109 -24.2634
110 -24.0239
111 -23.7582
112 -23.4621
113 -23.1466
114 -22.8336
115 -22.5458
116 -22.2975
117 -22.0881
118 -21.9019
119 -21.7139
120 -21.5013
121 -21.2557
122 -20.9888
123 -20.7273
124 -20.5003
125 -20.3267
126 -20.2075
127 -20.1246
128 -20.0473
129 -19.9455
130 -19.8043
131 -19.6323
132 -19.4561
133 -19.306
134 -19.2018
135 -19.1441
136 -19.1136
137 -19.0793
138 -19.0124
139 -18.901
140 -18.7562
141 -18.6047
142 -18.4743
143 -18.3797
144 -18.3174
145 -18.2675
146 -18.2041
147 -18.109
148 -17.9812
149 -17.8371
150 -17.7002
151 -17.5882
152 -17.5048
153 -17.439
154 -17.3721
155 -17.2887
156 -17.1862
157 -17.0763
158 -16.9775
159 -16.9045
160 -16.8595
161 -16.8312
162 -16.8009
163 -16.7538
164 -16.6888
165 -16.6197
166 -16.5678
167 -16.5493
168 -16.5658
169 -16.6017
170 -16.6317
171 -16.6337
172 -16.6028
173 -16.5552
174 -16.5186
175 -16.5162
176 -16.554
177 -16.6156
178 -16.6699
179 -16.6866
180 -16.6546
181 -16.5894
182 -16.5226
183 -16.4837
184 -16.483
185 -16.5072
186 -16.5256
187 -16.5078
188 -16.4426
189 -16.3447
190 -16.2455
191 -16.1736
192 -16.1395
193 -16.1315
194 -16.1231
195 -16.0892
196 -16.0224
197 -15.938
198 -15.8641
199 -15.824
200 -15.8238
201 -15.8486
202 -15.8718
203 -15.8707
204 -15.8417
205 -15.8033
206 -15.7844
207 -15.8064
208 -15.8708
209 -15.9569
210 -16.0322
211 -16.0713
212 -16.073
213 -16.0614
214 -16.0705
215 -16.1235
216 -16.2187
217 -16.3288
218 -16.4145
219 -16.4477
220 -16.4305
221 -16.394
222 -16.3775
223 -16.4045
224 -16.4695
225 -16.5406
226 -16.5773
227 -16.5564
228 -16.4879
229 -16.4082
230 -16.3556
231 -16.3486
232 -16.3753
233 -16.4016
234 -16.3907
235 -16.3279
236 -16.2306
237 -16.1367
238 -16.0801
239 -16.0721
240 -16.096
241 -16.1167
242 -16.1016
243 -16.042
244 -15.9593
245 -15.8908
246 -15.8673
247 -15.8968
248 -15.9606
249 -16.0241
250 -16.0563
251 -16.0503
252 -16.0273
253 -16.0237
254 -16.069
255 -16.1701
256 -16.3083
257 -16.4482
258 -16.5582
259 -16.6299
260 -16.6844
261 -16.7578
262 -16.8795
263 -17.0555
264 -17.2634
265 -17.463
266 -17.6181
267 -17.7191
268 -17.789
269 -17.8667
270 -17.9815
271 -18.1352
272 -18.2991
273 -18.4287
274 -18.4894
275 -18.4796
276 -18.4302
277 -18.3832
278 -18.3657
279 -18.3764
280 -18.389
281 -18.3689
282 -18.2958
283 -18.1767
284 -18.0412
285 -17.9225
286 -17.8401
287 -17.7923
288 -17.7601
289 -17.7191
290 -17.6543
291 -17.5681
292 -17.4783
293 -17.4069
294 -17.3685
295 -17.3641
296 -17.3821
297 -17.4052
298 -17.4192
299 -17.4204
300 -17.4163
301 -17.4208
302 -17.4465
303 -17.4987
304 -17.574
305 -17.6626
306 -17.7535
307 -17.8398
308 -17.9211
309 -18.0036
310 -18.0958
311 -18.2045
312 -18.3324
313 -18.4769
314 -18.6326
315 -18.7936
316 -18.9566
317 -19.1221
318 -19.2939
319 -19.4773
320 -19.6757
321 -19.8894
322 -20.1144
323 -20.3441
324 -20.5719
325 -20.7942
326 -21.0118
327 -21.2291
328 -21.4507
329 -21.6777
330 -21.9047
331 -22.1198
332 -22.308
333 -22.457
334 -22.5622
335 -22.6277
336 -22.6624
337 -22.6734
338 -22.6615
339 -22.6201
340 -22.54
341 -22.4152
342 -22.2484
343 -22.0506
344 -21.8373
345 -21.6217
346 -21.4111
347 -21.2057
348 -21.0009
349 -20.7916
350 -20.576
351 -20.3571
352 -20.1425
353 -19.9415
354 -19.7621
355 -19.6088
356 -19.4818
357 -19.3775
358 -19.2898
359 -19.2124
360 -19.1403
361 -19.0713
362 -19.0064
363 -18.9494
364 -18.9058
365 -18.8812
366 -18.8802
367 -18.9052
368 -18.9555
369 -19.0275
370 -19.1154
371 -19.2115
372 -19.3089
373 -19.4022
374 -19.4891
375 -19.5705
376 -19.6504
377 -19.734
378 -19.8264
379 -19.9318
380 -20.0527
381 -20.1898
382 -20.3424
383 -20.5091
384 -20.6878
385 -20.8758
386 -21.0703
387 -21.2679
388 -21.465
389 -21.6588
390 -21.8476
391 -22.0321
392 -22.2161
393 -22.4055
394 -22.6084
395 -22.8331
396 -23.087
397 -23.3753
398 -23.7004
399 -24.0616
400 -24.4558
401 -24.8778
402 -25.3221
403 -25.7837
404 -26.2589
405 -26.7453
406 -27.2407
407 -27.7418
408 -28.2413
409 -28.726
410 -29.1755
411 -29.5628
412 -29.8581
413 -30.0358
414 -30.0814
415 -29.9958
416 -29.7938
417 -29.4986
418 -29.1351
419 -28.7255
420 -28.2875
421 -27.8347
422 -27.3773
423 -26.9235
424 -26.4798
425 -26.0515
426 -25.6425
427 -25.2558
428 -24.8929
429 -24.5541
430 -24.2389
431 -23.9458
432 -23.6729
433 -23.4181
434 -23.1792
435 -22.9545
436 -22.7426
437 -22.5426
438 -22.3542
439 -22.1776
440 -22.0134
441 -21.8621
442 -21.7245
443 -21.6014
444 -21.4931
445 -21.3998
446 -21.3213
447 -21.2572
448 -21.2067
449 -21.1689
450 -21.1426
451 -21.1269
452 -21.1205
453 -21.1225
454 -21.1321
455 -21.1487
456 -21.172
457 -21.2019
458 -21.2387
459 -21.2826
460 -21.334
461 -21.3937
462 -21.4622
463 -21.5399
464 -21.6274
465 -21.7249
466 -21.8326
467 -21.9505
468 -22.0784
469 -22.2157
470 -22.3621
471 -22.5167
472 -22.6789
473 -22.8478
474 -23.0225
475 -23.2024
476 -23.3867
477 -23.5745
478 -23.7655
479 -23.9591
480 -24.1551
481 -24.3534
482 -24.5541
483 -24.7575
484 -24.9643
485 -25.1752
486 -25.391
487 -25.613
488 -25.8424
489 -26.0806
490 -26.3292
491 -26.59
492 -26.8646
493 -27.1551
494 -27.4635
495 -27.7922
496 -28.1435
497 -28.5201
498 -28.9252
499 -29.3622
500 -29.8346
501 -30.3468
502 -30.9033
503 -31.5094
504 -32.171
505 -32.8952
506 -33.69
507 -34.5651
508 -35.5316
509 -36.601
510 -37.7834
511 -39.08
512 -40.4658
513 -41.8512
514 -43.0199
515 -43.6251
516 -43.4186
517 -42.5311
518 -41.3142
519 -40.0364
520 -38.8238
521 -37.7181
522 -36.7246
523 -35.8357
524 -35.0401
525 -34.3264
526 -33.6845
527 -33.1052
528 -32.5807
529 -32.1041
530 -31.6696
531 -31.2721
532 -30.9075
533 -30.5721
534 -30.2629
535 -29.9775
536 -29.7139
537 -29.4703
538 -29.2453
539 -29.0377
540 -28.8462
541 -28.6696
542 -28.5069
543 -28.357
544 -28.2187
545 -28.0913
546 -27.9739
547 -27.8661
548 -27.7676
549 -27.6782
550 -27.598
551 -27.527
552 -27.4651
553 -27.4124
554 -27.3685
555 -27.3332
556 -27.3062
557 -27.2872
558 -27.2758
559 -27.2718
560 -27.275
561 -27.2851
562 -27.3017
563 -27.3243
564 -27.3522
565 -27.3842
566 -27.4193
567 -27.4562
568 -27.4935
569 -27.5303
570 -27.5655
571 -27.5982
572 -27.6279
573 -27.6537
574 -27.675
575 -27.6909
576 -27.7004
577 -27.7027
578 -27.6972
579 -27.6837
580 -27.6621
581 -27.6328
582 -27.5966
583 -27.5539
584 -27.5053
585 -27.4511
586 -27.3918
587 -27.3275
588 -27.2586
589 -27.1858
590 -27.1101
591 -27.0327
592 -26.9546
593 -26.8771
594 -26.8009
595 -26.7264
596 -26.6541
597 -26.5841
598 -26.5166
599 -26.4521
600 -26.3917
601 -26.3365
602 -26.288
603 -26.2475
604 -26.2161
605 -26.1943
606 -26.1822
607 -26.179
608 -26.184
609 -26.1961
610 -26.2144
611 -26.2386
612 -26.2689
613 -26.3058
614 -26.3504
615 -26.4038
616 -26.4671
617 -26.541
618 -26.6261
619 -26.7225
620 -26.83
621 -26.9485
622 -27.0779
623 -27.2181
624 -27.3695
625 -27.5325
626 -27.7077
627 -27.8958
628 -28.0972
629 -28.312
630 -28.5401
631 -28.7809
632 -29.0336
633 -29.2975
634 -29.5718
635 -29.8561
636 -30.1505
637 -30.4555
638 -30.7722
639 -31.1021
640 -31.4465
641 -31.8067
642 -32.1834
643 -32.5768
644 -32.9862
645 -33.4105
646 -33.848
647 -34.2968
648 -34.7552
649 -35.2219
650 -35.6961
651 -36.1778
652 -36.6673
653 -37.1653
654 -37.6722
655 -38.1886
656 -38.7143
657 -39.2488
658 -39.7906
659 -40.3379
660 -40.8874
661 -41.4357
662 -41.9786
663 -42.5122
664 -43.033
665 -43.5383
666 -44.0252
667 -44.4903
668 -44.9289
669 -45.3342
670 -45.6982
671 -46.013
672 -46.2716
673 -46.4696
674 -46.6053
675 -46.679
676 -46.6921
677 -46.6471
678 -46.5468
679 -46.3949
680 -46.1959
681 -45.9545
682 -45.6747
683 -45.36
684 -45.0128
685 -44.6361
686 -44.2337
687 -43.8117
688 -43.3768
689 -42.9361
690 -42.495
691 -42.0567
692 -41.6228
693 -41.1939
694 -40.7709
695 -40.3561
696 -39.9519
697 -39.5607
698 -39.1831
699 -38.8181
700 -38.4641
701 -38.1198
702 -37.7853
703 -37.4624
704 -37.153
705 -36.8576
706 -36.5751
707 -36.3029
708 -36.0386
709 -35.7817
710 -35.5336
711 -35.2962
712 -35.0706
713 -34.8554
714 -34.648
715 -34.4454
716 -34.2467
717 -34.0527
718 -33.8653
719 -33.6858
720 -33.5136
721 -33.3476
722 -33.1869
723 -33.0314
724 -32.8821
725 -32.7393
726 -32.6022
727 -32.4693
728 -32.3397
729 -32.2136
730 -32.0926
731 -31.9782
732 -31.8705
733 -31.7678
734 -31.6678
735 -31.5696
736 -31.474
737 -31.3839
738 -31.3015
739 -31.2267
740 -31.157
741 -31.089
742 -31.0214
743 -30.9562
744 -30.8972
745 -30.8474
746 -30.8062
747 -30.77
748 -30.7346
749 -30.6989
750 -30.6656
751 -30.6394
752 -30.6231
753 -30.616
754 -30.6138
755 -30.6123
756 -30.6103
757 -30.6111
758 -30.6198
759 -30.64
760 -30.6712
761 -30.7094
762 -30.7501
763 -30.7915
764 -30.8353
765 -30.8848
766 -30.9415
767 -31.0035
768 -31.0661
769 -31.1258
770 -31.1832
771 -31.2429
772 -31.3107
773 -31.3888
774 -31.4743
775 -31.5611
776 -31.6438
777 -31.7214
778 -31.7974
779 -31.876
780 -31.9575
781 -32.0371
782 -32.1076
783 -32.1649
784 -32.2119
785 -32.2563
786 -32.3051
787 -32.3578
788 -32.4063
789 -32.4392
790 -32.4503
791 -32.4446
792 -32.4358
793 -32.4383
794 -32.4591
795 -32.4949
796 -32.5354
797 -32.5708
798 -32.5977
799 -32.619
800 -32.6381
801 -32.6538
802 -32.6589
803 -32.6468
804 -32.6179
805 -32.5828
806 -32.5568
807 -32.5503
808 -32.5626
809 -32.5825
810 -32.596
811 -32.5969
812 -32.5909
813 -32.5922
814 -32.6134
815 -32.6584
816 -32.7213
817 -32.7925
818 -32.8662
819 -32.9441
820 -33.0316
821 -33.13
822 -33.2319
823 -33.3239
824 -33.3964
825 -33.4525
826 -33.5085
827 -33.5844
828 -33.691
829 -33.8236
830 -33.966
831 -34.1023
832 -34.2286
833 -34.3557
834 -34.4995
835 -34.667
836 -34.85
837 -35.0302
838 -35.1942
839 -35.3455
840 -35.5027
841 -35.6844
842 -35.8918
843 -36.1036
844 -36.288
845 -36.4275
846 -36.5345
847 -36.6428
848 -36.7814
849 -36.9514
850 -37.1235
851 -37.2593
852 -37.3436
853 -37.3983
854 -37.464
855 -37.5646
856 -37.6847
857 -37.7778
858 -37.8025
859 -37.7612
860 -37.7013
861 -37.677
862 -37.7069
863 -37.759
864 -37.7718
865 -37.7041
866 -37.5736
867 -37.4435
868 -37.3715
869 -37.3675
870 -37.3855
871 -37.356
872 -37.2429
873 -37.0784
874 -36.9361
875 -36.8716
876 -36.8817
877 -36.9039
878 -36.8608
879 -36.728
880 -36.5629
881 -36.4585
882 -36.4712
883 -36.5752
884 -36.6625
885 -36.6095
886 -36.3906
887 -36.1218
888 -35.9848
889 -36.1469
890 -36.7847
