0 -9.28282
1 -10.0303
2 -10.7156
3 -11.3131
4 -11.8049
5 -12.1937
6 -12.4994
7 -12.745
8 -12.9482
9 -13.1208
10 -13.2709
11 -13.4046
12 -13.5276
13 -13.6456
14 -13.7645
15 -13.8903
16 -14.0284
17 -14.1807
18 -14.334
19 -14.4373
20 -14.4434
21 -14.3972
22 -14.3514
23 -14.3211
24 -14.3075
25 -14.3091
26 -14.3251
27 -14.3549
28 -14.3981
29 -14.4533
30 -14.5167
31 -14.5789
32 -14.6231
33 -14.6317
34 -14.6039
35 -14.5562
36 -14.5056
37 -14.4612
38 -14.4264
39 -14.4017
40 -14.3859
41 -14.377
42 -14.3723
43 -14.3692
44 -14.3653
45 -14.3594
46 -14.3512
47 -14.341
48 -14.3298
49 -14.3186
50 -14.3082
51 -14.2989
52 -14.2904
53 -14.2817
54 -14.2711
55 -14.2573
56 -14.2399
57 -14.2198
58 -14.199
59 -14.1798
60 -14.1642
61 -14.1531
62 -14.1463
63 -14.1426
64 -14.14
65 -14.1359
66 -14.1283
67 -14.1161
68 -14.1002
69 -14.0826
70 -14.0657
71 -14.0513
72 -14.0404
73 -14.0325
74 -14.0265
75 -14.0202
76 -14.0118
77 -14.0001
78 -13.9852
79 -13.9687
80 -13.9525
81 -13.9382
82 -13.9267
83 -13.9177
84 -13.9102
85 -13.9026
86 -13.8934
87 -13.8819
88 -13.8683
89 -13.8535
90 -13.8391
91 -13.826
92 -13.8146
93 -13.8045
94 -13.7952
95 -13.7856
96 -13.775
97 -13.7636
98 -13.7515
99 -13.7397
100 -13.7285
101 -13.7184
102 -13.7091
103 -13.7002
104 -13.6914
105 -13.6823
106 -13.6733
107 -13.6648
108 -13.6572
109 -13.6506
110 -13.6449
111 -13.6395
112 -13.6339
113 -13.6276
114 -13.6207
115 -13.614
116 -13.6081
117 -13.6037
118 -13.6008
119 -13.5991
120 -13.5975
121 -13.5948
122 -13.5907
123 -13.5852
124 -13.5794
125 -13.5744
126 -13.571
127 -13.5696
128 -13.5692
129 -13.5687
130 -13.5666
131 -13.5624
132 -13.5565
133 -13.55
134 -13.5445
135 -13.5407
136 -13.5386
137 -13.5374
138 -13.5355
139 -13.532
140 -13.5264
141 -13.5196
142 -13.5128
143 -13.5072
144 -13.5034
145 -13.5009
146 -13.4987
147 -13.4958
148 -13.4916
149 -13.4864
150 -13.481
151 -13.4765
152 -13.4734
153 -13.4717
154 -13.4706
155 -13.4693
156 -13.4673
157 -13.4649
158 -13.4628
159 -13.4617
160 -13.4621
161 -13.4637
162 -13.4657
163 -13.4671
164 -13.4676
165 -13.4675
166 -13.4678
167 -13.4695
168 -13.4732
169 -13.4781
170 -13.4831
171 -13.4866
172 -13.4879
173 -13.4874
174 -13.4867
175 -13.4874
176 -13.4901
177 -13.4943
178 -13.4982
179 -13.4999
180 -13.4983
181 -13.4941
182 -13.4891
183 -13.4853
184 -13.4837
185 -13.4838
186 -13.484
187 -13.4824
188 -13.4781
189 -13.4718
190 -13.4652
191 -13.4603
192 -13.4577
193 -13.4572
194 -13.4571
195 -13.4561
196 -13.4534
197 -13.4498
198 -13.4467
199 -13.4456
200 -13.4472
201 -13.4505
202 -13.4542
203 -13.4566
204 -13.4574
205 -13.4575
206 -13.4587
207 -13.4624
208 -13.4689
209 -13.477
210 -13.4845
211 -13.4895
212 -13.4917
213 -13.4926
214 -13.4946
215 -13.4997
216 -13.5077
217 -13.5167
218 -13.5238
219 -13.5265
220 -13.525
221 -13.5218
222 -13.52
223 -13.5214
224 -13.5255
225 -13.53
226 -13.5316
227 -13.5285
228 -13.5218
229 -13.5145
230 -13.5095
231 -13.508
232 -13.5091
233 -13.5101
234 -13.5083
235 -13.5028
236 -13.4951
237 -13.4882
238 -13.4846
239 -13.4848
240 -13.4873
241 -13.4894
242 -13.4886
243 -13.4845
244 -13.4789
245 -13.475
246 -13.475
247 -13.4793
248 -13.4861
249 -13.4925
250 -13.4958
251 -13.4954
252 -13.4935
253 -13.4935
254 -13.4977
255 -13.5069
256 -13.519
257 -13.5308
258 -13.539
259 -13.5427
260 -13.5444
261 -13.5478
262 -13.5557
263 -13.5689
264 -13.5849
265 -13.5994
266 -13.6085
267 -13.6114
268 -13.6112
269 -13.6127
270 -13.6188
271 -13.6296
272 -13.6416
273 -13.6495
274 -13.6494
275 -13.6421
276 -13.6323
277 -13.6251
278 -13.6232
279 -13.6259
280 -13.6293
281 -13.6289
282 -13.6218
283 -13.6095
284 -13.5963
285 -13.5864
286 -13.5819
287 -13.5826
288 -13.5855
289 -13.5869
290 -13.584
291 -13.5767
292 -13.5679
293 -13.5611
294 -13.5587
295 -13.5613
296 -13.5675
297 -13.5742
298 -13.5785
299 -13.5788
300 -13.576
301 -13.573
302 -13.5727
303 -13.5768
304 -13.5853
305 -13.5965
306 -13.6074
307 -13.6153
308 -13.619
309 -13.62
310 -13.6211
311 -13.6252
312 -13.634
313 -13.6474
314 -13.6636
315 -13.6794
316 -13.6918
317 -13.6995
318 -13.704
319 -13.7084
320 -13.7159
321 -13.7288
322 -13.7469
323 -13.768
324 -13.7885
325 -13.8043
326 -13.8137
327 -13.8183
328 -13.822
329 -13.8284
330 -13.8395
331 -13.8546
332 -13.8705
333 -13.8827
334 -13.8877
335 -13.8849
336 -13.8772
337 -13.8685
338 -13.8616
339 -13.8573
340 -13.8545
341 -13.8511
342 -13.8451
343 -13.8358
344 -13.8237
345 -13.8103
346 -13.797
347 -13.7849
348 -13.7744
349 -13.7652
350 -13.7571
351 -13.7497
352 -13.743
353 -13.7366
354 -13.7305
355 -13.7245
356 -13.7186
357 -13.7128
358 -13.7075
359 -13.7031
360 -13.7002
361 -13.699
362 -13.6995
363 -13.7014
364 -13.7041
365 -13.7068
366 -13.7092
367 -13.7113
368 -13.7132
369 -13.7155
370 -13.7189
371 -13.7238
372 -13.73
373 -13.7374
374 -13.7455
375 -13.7538
376 -13.762
377 -13.77
378 -13.778
379 -13.7863
380 -13.795
381 -13.8042
382 -13.8137
383 -13.8233
384 -13.8328
385 -13.842
386 -13.8512
387 -13.8607
388 -13.871
389 -13.8824
390 -13.8952
391 -13.9094
392 -13.9246
393 -13.9406
394 -13.957
395 -13.9735
396 -13.9901
397 -14.0069
398 -14.0243
399 -14.0424
400 -14.0614
401 -14.0811
402 -14.1012
403 -14.1212
404 -14.1403
405 -14.158
406 -14.1739
407 -14.1876
408 -14.199
409 -14.2081
410 -14.2145
411 -14.2181
412 -14.2185
413 -14.2153
414 -14.2086
415 -14.1984
416 -14.1853
417 -14.1698
418 -14.1525
419 -14.1339
420 -14.1146
421 -14.0949
422 -14.075
423 -14.0552
424 -14.0356
425 -14.0165
426 -13.998
427 -13.9802
428 -13.9632
429 -13.9473
430 -13.9323
431 -13.9184
432 -13.9055
433 -13.8936
434 -13.8828
435 -13.8729
436 -13.8639
437 -13.8558
438 -13.8486
439 -13.8422
440 -13.8366
441 -13.8318
442 -13.8278
443 -13.8246
444 -13.8221
445 -13.8203
446 -13.8192
447 -13.8187
448 -13.8188
449 -13.8194
450 -13.8204
451 -13.8219
452 -13.8237
453 -13.8258
454 -13.8281
455 -13.8307
456 -13.8335
457 -13.8365
458 -13.8397
459 -13.8432
460 -13.847
461 -13.8512
462 -13.8559
463 -13.8612
464 -13.8671
465 -13.8737
466 -13.8812
467 -13.8896
468 -13.8991
469 -13.9097
470 -13.9215
471 -13.9346
472 -13.9491
473 -13.965
474 -13.9823
475 -14.0013
476 -14.0218
477 -14.044
478 -14.0677
479 -14.093
480 -14.1197
481 -14.1476
482 -14.1765
483 -14.2058
484 -14.2349
485 -14.2629
486 -14.2887
487 -14.3109
488 -14.3282
489 -14.3396
490 -14.3445
491 -14.3432
492 -14.3363
493 -14.3249
494 -14.3105
495 -14.294
496 -14.2767
497 -14.2592
498 -14.2422
499 -14.2259
500 -14.2107
501 -14.1966
502 -14.1837
503 -14.1719
504 -14.1611
505 -14.1515
506 -14.1427
507 -14.1349
508 -14.1279
509 -14.1217
510 -14.116
511 -14.111
512 -14.1064
513 -14.1023
514 -14.0985
515 -14.0951
516 -14.0921
517 -14.0894
518 -14.0871
519 -14.0852
520 -14.0836
521 -14.0824
522 -14.0817
523 -14.0813
524 -14.0814
525 -14.0819
526 -14.083
527 -14.0845
528 -14.0865
529 -14.089
530 -14.0919
531 -14.0952
532 -14.0988
533 -14.1027
534 -14.1068
535 -14.1111
536 -14.1154
537 -14.1198
538 -14.1242
539 -14.1283
540 -14.1323
541 -14.136
542 -14.1394
543 -14.1425
544 -14.1452
545 -14.1477
546 -14.1499
547 -14.1518
548 -14.1535
549 -14.155
550 -14.1564
551 -14.1577
552 -14.159
553 -14.1604
554 -14.1621
555 -14.1639
556 -14.1661
557 -14.1686
558 -14.1715
559 -14.1746
560 -14.178
561 -14.1816
562 -14.1855
563 -14.1895
564 -14.1936
565 -14.1979
566 -14.2022
567 -14.2065
568 -14.2107
569 -14.2147
570 -14.2185
571 -14.2219
572 -14.2248
573 -14.2273
574 -14.2292
575 -14.2307
576 -14.2316
577 -14.232
578 -14.2319
579 -14.2311
580 -14.2298
581 -14.2281
582 -14.2258
583 -14.2232
584 -14.2203
585 -14.2171
586 -14.2137
587 -14.2101
588 -14.2063
589 -14.2024
590 -14.1984
591 -14.1942
592 -14.19
593 -14.1859
594 -14.1817
595 -14.1776
596 -14.1736
597 -14.1696
598 -14.1657
599 -14.1618
600 -14.1581
601 -14.1545
602 -14.1512
603 -14.1482
604 -14.1456
605 -14.1435
606 -14.1418
607 -14.1406
608 -14.1397
609 -14.1392
610 -14.139
611 -14.1391
612 -14.1396
613 -14.1406
614 -14.1421
615 -14.1442
616 -14.1469
617 -14.1505
618 -14.1548
619 -14.16
620 -14.1659
621 -14.1727
622 -14.1803
623 -14.1888
624 -14.1981
625 -14.2083
626 -14.2196
627 -14.2318
628 -14.2451
629 -14.2594
630 -14.2748
631 -14.2912
632 -14.3086
633 -14.327
634 -14.3462
635 -14.3664
636 -14.3875
637 -14.4096
638 -14.4328
639 -14.4571
640 -14.4826
641 -14.5093
642 -14.5372
643 -14.5661
644 -14.5956
645 -14.6254
646 -14.655
647 -14.6839
648 -14.7116
649 -14.7375
650 -14.7612
651 -14.7824
652 -14.8009
653 -14.8166
654 -14.8293
655 -14.8391
656 -14.8462
657 -14.8508
658 -14.8535
659 -14.8546
660 -14.8546
661 -14.8541
662 -14.8535
663 -14.8533
664 -14.854
665 -14.8557
666 -14.8588
667 -14.8632
668 -14.869
669 -14.8764
670 -14.8855
671 -14.8966
672 -14.91
673 -14.9259
674 -14.9448
675 -14.9666
676 -14.9919
677 -15.0207
678 -15.0537
679 -15.0914
680 -15.1345
681 -15.1839
682 -15.2403
683 -15.3045
684 -15.3759
685 -15.4505
686 -15.5146
687 -15.5416
688 -15.5121
689 -15.4414
690 -15.3575
691 -15.2761
692 -15.2019
693 -15.1357
694 -15.0765
695 -15.0236
696 -14.9762
697 -14.9335
698 -14.895
699 -14.8601
700 -14.8281
701 -14.7987
702 -14.7716
703 -14.7465
704 -14.7235
705 -14.7025
706 -14.6832
707 -14.6654
708 -14.6487
709 -14.633
710 -14.6183
711 -14.6047
712 -14.5923
713 -14.581
714 -14.5706
715 -14.5608
716 -14.5514
717 -14.5424
718 -14.5339
719 -14.526
720 -14.5188
721 -14.512
722 -14.5056
723 -14.4996
724 -14.4938
725 -14.4885
726 -14.4835
727 -14.4787
728 -14.474
729 -14.4694
730 -14.4649
731 -14.4607
732 -14.4568
733 -14.4531
734 -14.4494
735 -14.4454
736 -14.4412
737 -14.4371
738 -14.4332
739 -14.4297
740 -14.4263
741 -14.4227
742 -14.4186
743 -14.4144
744 -14.4101
745 -14.4062
746 -14.4025
747 -14.3987
748 -14.3945
749 -14.39
750 -14.3853
751 -14.381
752 -14.3774
753 -14.3743
754 -14.3714
755 -14.3682
756 -14.3646
757 -14.361
758 -14.3578
759 -14.3553
760 -14.3534
761 -14.3517
762 -14.3498
763 -14.3477
764 -14.3456
765 -14.3439
766 -14.3427
767 -14.3417
768 -14.3404
769 -14.3387
770 -14.3367
771 -14.3349
772 -14.3336
773 -14.3331
774 -14.3332
775 -14.3332
776 -14.3328
777 -14.3321
778 -14.3311
779 -14.3302
780 -14.3292
781 -14.3278
782 -14.3258
783 -14.3231
784 -14.32
785 -14.317
786 -14.3146
787 -14.3124
788 -14.31
789 -14.3068
790 -14.3027
791 -14.2981
792 -14.2939
793 -14.2906
794 -14.2886
795 -14.2872
796 -14.2861
797 -14.2847
798 -14.283
799 -14.281
800 -14.2791
801 -14.2771
802 -14.2749
803 -14.2721
804 -14.2689
805 -14.2656
806 -14.263
807 -14.2613
808 -14.2604
809 -14.2596
810 -14.2587
811 -14.2573
812 -14.2559
813 -14.255
814 -14.2549
815 -14.2558
816 -14.2572
817 -14.2588
818 -14.2604
819 -14.2623
820 -14.2645
821 -14.2672
822 -14.2698
823 -14.272
824 -14.2734
825 -14.2744
826 -14.2757
827 -14.278
828 -14.2814
829 -14.2855
830 -14.2897
831 -14.2936
832 -14.2972
833 -14.301
834 -14.3057
835 -14.3111
836 -14.3168
837 -14.3221
838 -14.3267
839 -14.3311
840 -14.336
841 -14.342
842 -14.3488
843 -14.3555
844 -14.3609
845 -14.3649
846 -14.3683
847 -14.3724
848 -14.3779
849 -14.3845
850 -14.3909
851 -14.3958
852 -14.3991
853 -14.402
854 -14.4059
855 -14.4116
856 -14.4181
857 -14.4236
858 -14.4267
859 -14.4276
860 -14.4281
861 -14.4304
862 -14.4351
863 -14.4409
864 -14.4451
865 -14.4462
866 -14.445
867 -14.4438
868 -14.445
869 -14.449
870 -14.4537
871 -14.4561
872 -14.4549
873 -14.4514
874 -14.4493
875 -14.4508
876 -14.4556
877 -14.4605
878 -14.4613
879 -14.457
880 -14.4508
881 -14.4477
882 -14.4507
883 -14.4585
884 -14.4654
885 -14.4649
886 -14.4552
887 -14.4426
888 -14.4364
889 -14.4453
890 -14.4785
