0 0
1 -0.0335169
2 -0.138
3 -0.313757
4 -0.561117
5 -0.880469
6 -1.27236
7 -1.73762
8 -2.27753
9 -2.8939
10 -3.58891
11 -4.36455
12 -5.2213
13 -6.15582
14 -7.15714
15 -8.20132
16 -9.24534
17 -10.2238
18 -11.0558
19 -11.6699
20 -12.0385
21 -12.1949
22 -12.2155
23 -12.1869
24 -12.1821
25 -12.2547
26 -12.4423
27 -12.7723
28 -13.2673
29 -13.9504
30 -14.8502
31 -16.0077
32 -17.4866
33 -19.3937
34 -21.9226
35 -25.4695
36 -30.9038
37 -35.9805
38 -30.3263
39 -26.0005
40 -23.3348
41 -21.5706
42 -20.3654
43 -19.548
44 -19.0257
45 -18.7466
46 -18.6822
47 -18.8155
48 -19.1329
49 -19.6167
50 -20.2379
51 -20.9485
52 -21.6741
53 -22.3123
54 -22.748
55 -22.8933
56 -22.7338
57 -22.3365
58 -21.8107
59 -21.2598
60 -20.7568
61 -20.3414
62 -20.0256
63 -19.8024
64 -19.6535
65 -19.5572
66 -19.4959
67 -19.4601
68 -19.4484
69 -19.4645
70 -19.5106
71 -19.5835
72 -19.6716
73 -19.7559
74 -19.813
75 -19.8206
76 -19.7647
77 -19.6441
78 -19.4716
79 -19.2696
80 -19.0629
81 -18.8716
82 -18.7057
83 -18.5647
84 -18.4389
85 -18.3146
86 -18.1802
87 -18.0312
88 -17.8717
89 -17.7117
90 -17.5619
91 -17.4291
92 -17.3133
93 -17.2082
94 -17.1036
95 -16.99
96 -16.8622
97 -16.7211
98 -16.5725
99 -16.4241
100 -16.2819
101 -16.1481
102 -16.0209
103 -15.897
104 -15.7739
105 -15.6529
106 -15.5387
107 -15.438
108 -15.3556
109 -15.2922
110 -15.2432
111 -15.2
112 -15.1545
113 -15.1029
114 -15.0484
115 -15.0001
116 -14.969
117 -14.9625
118 -14.9797
119 -15.0109
120 -15.0401
121 -15.0516
122 -15.0375
123 -15.0021
124 -14.9602
125 -14.9298
126 -14.9237
127 -14.9429
128 -14.975
129 -14.9992
130 -14.9953
131 -14.9541
132 -14.8828
133 -14.8014
134 -14.7319
135 -14.6881
136 -14.6689
137 -14.6592
138 -14.6372
139 -14.5853
140 -14.5003
141 -14.3947
142 -14.2898
143 -14.2043
144 -14.1459
145 -14.1083
146 -14.0755
147 -14.0311
148 -13.9669
149 -13.8879
150 -13.8088
151 -13.7453
152 -13.7062
153 -13.6893
154 -13.6837
155 -13.677
156 -13.6624
157 -13.6438
158 -13.6328
159 -13.6421
160 -13.6771
161 -13.7328
162 -13.7954
163 -13.8506
164 -13.8921
165 -13.9268
166 -13.9712
167 -14.0422
168 -14.1458
169 -14.2723
170 -14.3982
171 -14.4975
172 -14.5568
173 -14.5839
174 -14.6041
175 -14.6445
176 -14.7178
177 -14.8136
178 -14.9012
179 -14.9452
180 -14.9262
181 -14.8544
182 -14.7628
183 -14.6873
184 -14.6466
185 -14.6338
186 -14.6216
187 -14.5783
188 -14.4885
189 -14.3631
190 -14.2325
191 -14.1283
192 -14.0667
193 -14.0417
194 -14.0307
195 -14.0087
196 -13.964
197 -13.9063
198 -13.8598
199 -13.8485
200 -13.8821
201 -13.9501
202 -14.0282
203 -14.0919
204 -14.1328
205 -14.165
206 -14.2163
207 -14.3113
208 -14.4551
209 -14.6284
210 -14.7951
211 -14.9219
212 -15.0007
213 -15.0554
214 -15.1265
215 -15.2459
216 -15.4168
217 -15.6079
218 -15.7671
219 -15.8512
220 -15.8561
221 -15.8205
222 -15.7991
223 -15.8283
224 -15.906
225 -15.9928
226 -16.0335
227 -15.9934
228 -15.8833
229 -15.7513
230 -15.6502
231 -15.6062
232 -15.6075
233 -15.612
234 -15.5741
235 -15.4748
236 -15.3361
237 -15.2052
238 -15.1241
239 -15.1062
240 -15.1303
241 -15.1521
242 -15.1304
243 -15.0549
244 -14.9544
245 -14.878
246 -14.8658
247 -14.928
248 -15.0402
249 -15.1538
250 -15.2232
251 -15.2349
252 -15.218
253 -15.2257
254 -15.3035
255 -15.4665
256 -15.6915
257 -15.9259
258 -16.1149
259 -16.2361
260 -16.3159
261 -16.4121
262 -16.5775
263 -16.8301
264 -17.142
265 -17.4477
266 -17.6777
267 -17.8044
268 -17.8634
269 -17.9264
270 -18.0517
271 -18.2498
272 -18.4728
273 -18.6354
274 -18.6664
275 -18.5622
276 -18.3907
277 -18.2399
278 -18.1649
279 -18.1649
280 -18.1874
281 -18.1574
282 -18.0245
283 -17.7981
284 -17.5401
285 -17.3227
286 -17.1911
287 -17.148
288 -17.1568
289 -17.1595
290 -17.1066
291 -16.9862
292 -16.8296
293 -16.69
294 -16.6129
295 -16.6166
296 -16.6865
297 -16.7825
298 -16.8564
299 -16.8766
300 -16.8458
301 -16.7986
302 -16.7806
303 -16.8262
304 -16.944
305 -17.1143
306 -17.2958
307 -17.4437
308 -17.5323
309 -17.5709
310 -17.5983
311 -17.6623
312 -17.7977
313 -18.013
314 -18.2871
315 -18.5749
316 -18.8253
317 -19.0075
318 -19.1295
319 -19.2345
320 -19.3778
321 -19.6011
322 -19.9163
323 -20.3001
324 -20.699
325 -21.0487
326 -21.3064
327 -21.4766
328 -21.6071
329 -21.7586
330 -21.9715
331 -22.2475
332 -22.547
333 -22.8025
334 -22.9497
335 -22.9643
336 -22.8735
337 -22.7333
338 -22.5929
339 -22.4737
340 -22.3675
341 -22.2484
342 -22.0902
343 -21.8807
344 -21.6271
345 -21.349
346 -21.0686
347 -20.8017
348 -20.5564
349 -20.3345
350 -20.1347
351 -19.9545
352 -19.7914
353 -19.6416
354 -19.5004
355 -19.3628
356 -19.226
357 -19.0911
358 -18.9642
359 -18.8548
360 -18.7731
361 -18.7258
362 -18.714
363 -18.7319
364 -18.7687
365 -18.8116
366 -18.8501
367 -18.88
368 -18.9042
369 -18.9311
370 -18.971
371 -19.0322
372 -19.1185
373 -19.2289
374 -19.3583
375 -19.5004
376 -19.6497
377 -19.8029
378 -19.9593
379 -20.1196
380 -20.2839
381 -20.4506
382 -20.6162
383 -20.7766
384 -20.9293
385 -21.0752
386 -21.2192
387 -21.3699
388 -21.5374
389 -21.7308
390 -21.956
391 -22.2146
392 -22.5039
393 -22.818
394 -23.1489
395 -23.4897
396 -23.8355
397 -24.1851
398 -24.5404
399 -24.9054
400 -25.284
401 -25.6785
402 -26.0877
403 -26.5077
404 -26.9316
405 -27.3514
406 -27.7598
407 -28.1509
408 -28.5208
409 -28.8663
410 -29.1826
411 -29.4615
412 -29.6895
413 -29.8492
414 -29.9222
415 -29.8948
416 -29.7624
417 -29.5319
418 -29.22
419 -28.8483
420 -28.4382
421 -28.0078
422 -27.5701
423 -27.1333
424 -26.7022
425 -26.2788
426 -25.8643
427 -25.4593
428 -25.0648
429 -24.6824
430 -24.3141
431 -23.9623
432 -23.6295
433 -23.3182
434 -23.0303
435 -22.7674
436 -22.5303
437 -22.3195
438 -22.1348
439 -21.9752
440 -21.8397
441 -21.7266
442 -21.6341
443 -21.5601
444 -21.5026
445 -21.4594
446 -21.4285
447 -21.4083
448 -21.397
449 -21.3935
450 -21.3968
451 -21.4061
452 -21.421
453 -21.4411
454 -21.4666
455 -21.4973
456 -21.5335
457 -21.5755
458 -21.6238
459 -21.6786
460 -21.7407
461 -21.8104
462 -21.8884
463 -21.9753
464 -22.072
465 -22.1792
466 -22.2979
467 -22.4291
468 -22.5739
469 -22.7334
470 -22.909
471 -23.1017
472 -23.3128
473 -23.5434
474 -23.7949
475 -24.0683
476 -24.3648
477 -24.6856
478 -25.0316
479 -25.404
480 -25.8037
481 -26.2317
482 -26.6887
483 -27.1753
484 -27.6919
485 -28.2384
486 -28.8141
487 -29.4173
488 -30.0456
489 -30.6945
490 -31.3574
491 -32.0247
492 -32.6823
493 -33.3115
494 -33.8885
495 -34.3864
496 -34.779
497 -35.0462
498 -35.1794
499 -35.1832
500 -35.0738
501 -34.8741
502 -34.6086
503 -34.2996
504 -33.9654
505 -33.62
506 -33.2734
507 -32.9322
508 -32.6002
509 -32.2791
510 -31.9691
511 -31.6699
512 -31.381
513 -31.1022
514 -30.8335
515 -30.5751
516 -30.3276
517 -30.0913
518 -29.8664
519 -29.6531
520 -29.4517
521 -29.2627
522 -29.0869
523 -28.9255
524 -28.7793
525 -28.6494
526 -28.5361
527 -28.4394
528 -28.3586
529 -28.293
530 -28.2413
531 -28.2026
532 -28.1759
533 -28.1604
534 -28.1553
535 -28.1592
536 -28.1707
537 -28.1881
538 -28.2091
539 -28.2317
540 -28.2542
541 -28.2751
542 -28.2936
543 -28.3095
544 -28.3226
545 -28.3329
546 -28.3406
547 -28.3457
548 -28.3482
549 -28.3484
550 -28.3471
551 -28.3453
552 -28.3448
553 -28.3472
554 -28.3544
555 -28.3679
556 -28.3887
557 -28.4173
558 -28.4538
559 -28.4978
560 -28.5489
561 -28.6067
562 -28.6711
563 -28.742
564 -28.8192
565 -28.9024
566 -28.9908
567 -29.0831
568 -29.1775
569 -29.2722
570 -29.3651
571 -29.4546
572 -29.5393
573 -29.6186
574 -29.6918
575 -29.7586
576 -29.8184
577 -29.8705
578 -29.9138
579 -29.9476
580 -29.9712
581 -29.9844
582 -29.9878
583 -29.9823
584 -29.9692
585 -29.9495
586 -29.9244
587 -29.8944
588 -29.8601
589 -29.8217
590 -29.7798
591 -29.735
592 -29.6882
593 -29.6405
594 -29.5926
595 -29.5452
596 -29.4986
597 -29.4526
598 -29.4071
599 -29.3618
600 -29.3167
601 -29.2722
602 -29.2293
603 -29.189
604 -29.1524
605 -29.1203
606 -29.0931
607 -29.0707
608 -29.0524
609 -29.0376
610 -29.0256
611 -29.0162
612 -29.0097
613 -29.0071
614 -29.0095
615 -29.0186
616 -29.0357
617 -29.0621
618 -29.0986
619 -29.1458
620 -29.2041
621 -29.2737
622 -29.3548
623 -29.4479
624 -29.5533
625 -29.6719
626 -29.8044
627 -29.9517
628 -30.1142
629 -30.2925
630 -30.4864
631 -30.6958
632 -30.9202
633 -31.1588
634 -31.4113
635 -31.677
636 -31.9559
637 -32.2482
638 -32.5547
639 -32.8763
640 -33.2142
641 -33.5695
642 -33.943
643 -34.335
644 -34.7453
645 -35.1731
646 -35.6171
647 -36.0756
648 -36.547
649 -37.0297
650 -37.5226
651 -38.025
652 -38.5364
653 -39.0568
654 -39.5857
655 -40.1224
656 -40.6662
657 -41.2155
658 -41.7687
659 -42.3235
660 -42.8769
661 -43.4244
662 -43.9605
663 -44.4785
664 -44.972
665 -45.4348
666 -45.8617
667 -46.2475
668 -46.5856
669 -46.867
670 -47.0809
671 -47.2167
672 -47.2671
673 -47.2304
674 -47.1113
675 -46.9186
676 -46.6626
677 -46.3537
678 -46.0011
679 -45.6134
680 -45.1985
681 -44.764
682 -44.3158
683 -43.8586
684 -43.3957
685 -42.9296
686 -42.4628
687 -41.9985
688 -41.5406
689 -41.0926
690 -40.657
691 -40.2352
692 -39.8269
693 -39.4319
694 -39.0498
695 -38.6812
696 -38.3272
697 -37.9887
698 -37.6659
699 -37.3577
700 -37.0628
701 -36.7799
702 -36.5089
703 -36.2506
704 -36.0061
705 -35.7758
706 -35.5587
707 -35.3526
708 -35.1556
709 -34.9671
710 -34.788
711 -34.6199
712 -34.4635
713 -34.3182
714 -34.1816
715 -34.0514
716 -33.9264
717 -33.807
718 -33.6946
719 -33.5904
720 -33.494
721 -33.4044
722 -33.3204
723 -33.242
724 -33.17
725 -33.1048
726 -33.0459
727 -32.992
728 -32.9415
729 -32.8941
730 -32.8508
731 -32.813
732 -32.7812
733 -32.7541
734 -32.7295
735 -32.7057
736 -32.6831
737 -32.6639
738 -32.6505
739 -32.6433
740 -32.6401
741 -32.6374
742 -32.6329
743 -32.6276
744 -32.625
745 -32.6283
746 -32.6376
747 -32.6497
748 -32.6603
749 -32.6675
750 -32.6735
751 -32.6829
752 -32.6992
753 -32.722
754 -32.7475
755 -32.7713
756 -32.7923
757 -32.8135
758 -32.8402
759 -32.8761
760 -32.9204
761 -32.9692
762 -33.0179
763 -33.0656
764 -33.1153
765 -33.1717
766 -33.2373
767 -33.3097
768 -33.3829
769 -33.452
770 -33.5167
771 -33.5824
772 -33.6568
773 -33.7443
774 -33.8435
775 -33.9484
776 -34.0523
777 -34.1521
778 -34.249
779 -34.3454
780 -34.4409
781 -34.5305
782 -34.608
783 -34.6707
784 -34.7226
785 -34.7719
786 -34.8242
787 -34.8765
788 -34.9178
789 -34.9354
790 -34.925
791 -34.8955
792 -34.8645
793 -34.8482
794 -34.8526
795 -34.8713
796 -34.8912
797 -34.9018
798 -34.9011
799 -34.8947
800 -34.8877
801 -34.8789
802 -34.8603
803 -34.8245
804 -34.7724
805 -34.7151
806 -34.6676
807 -34.6391
808 -34.6265
809 -34.6173
810 -34.5988
811 -34.5675
812 -34.532
813 -34.507
814 -34.503
815 -34.5206
816 -34.5513
817 -34.5858
818 -34.6203
819 -34.6591
820 -34.7086
821 -34.769
822 -34.8315
823 -34.8825
824 -34.9143
825 -34.9327
826 -34.9546
827 -34.9976
828 -35.0687
829 -35.16
830 -35.2553
831 -35.3423
832 -35.4216
833 -35.5053
834 -35.6068
835 -35.7282
836 -35.8583
837 -35.98
838 -36.0851
839 -36.1817
840 -36.2889
841 -36.4206
842 -36.573
843 -36.7234
844 -36.8455
845 -36.9302
846 -36.9944
847 -37.069
848 -37.1754
849 -37.3088
850 -37.4408
851 -37.5406
852 -37.6009
853 -37.6448
854 -37.7071
855 -37.8048
856 -37.9222
857 -38.0195
858 -38.0641
859 -38.0598
860 -38.0461
861 -38.0669
862 -38.136
863 -38.2253
864 -38.2835
865 -38.277
866 -38.2206
867 -38.1676
868 -38.1668
869 -38.2253
870 -38.301
871 -38.3315
872 -38.2853
873 -38.1934
874 -38.125
875 -38.1321
876 -38.21
877 -38.295
878 -38.3092
879 -38.2289
880 -38.1143
881 -38.0626
882 -38.1333
883 -38.2992
884 -38.4452
885 -38.4376
886 -38.249
887 -38.0072
888 -37.9095
889 -38.1375
890 -38.8877
