0 0
1 -14.9495
2 -28.6549
3 -40.606
4 -50.4416
5 -58.2174
6 -64.3309
7 -69.2427
8 -73.307
9 -76.7593
10 -79.7607
11 -82.4356
12 -84.8964
13 -87.2563
14 -89.6339
15 -92.1498
16 -94.912
17 -97.9575
18 -101.023
19 -103.089
20 -103.211
21 -102.289
22 -101.372
23 -100.766
24 -100.493
25 -100.526
26 -100.845
27 -101.442
28 -102.306
29 -103.41
30 -104.677
31 -105.921
32 -106.805
33 -106.977
34 -106.421
35 -105.468
36 -104.456
37 -103.568
38 -102.872
39 -102.378
40 -102.062
41 -101.884
42 -101.79
43 -101.727
44 -101.65
45 -101.532
46 -101.367
47 -101.163
48 -100.939
49 -100.715
50 -100.507
51 -100.321
52 -100.152
53 -99.9772
54 -99.7659
55 -99.4901
56 -99.1413
57 -98.7386
58 -98.3229
59 -97.9404
60 -97.6281
61 -97.4052
62 -97.269
63 -97.1959
64 -97.1439
65 -97.0626
66 -96.9087
67 -96.6648
68 -96.3468
69 -95.9953
70 -95.6574
71 -95.3702
72 -95.1507
73 -94.9935
74 -94.8727
75 -94.7482
76 -94.5803
77 -94.3456
78 -94.0485
79 -93.7181
80 -93.3936
81 -93.1078
82 -92.8771
83 -92.6975
84 -92.5476
85 -92.3958
86 -92.2123
87 -91.9817
88 -91.7087
89 -91.4145
90 -91.1258
91 -90.8632
92 -90.6347
93 -90.4346
94 -90.2472
95 -90.0547
96 -89.8444
97 -89.6147
98 -89.3742
99 -89.1367
100 -88.914
101 -88.7112
102 -88.5253
103 -88.3479
104 -88.1707
105 -87.9904
106 -87.8106
107 -87.6399
108 -87.487
109 -87.3555
110 -87.2415
111 -87.1341
112 -87.0211
113 -86.8951
114 -86.7585
115 -86.6232
116 -86.5053
117 -86.417
118 -86.3606
119 -86.3257
120 -86.2927
121 -86.2405
122 -86.1574
123 -86.0479
124 -85.9309
125 -85.8306
126 -85.7644
127 -85.735
128 -85.728
129 -85.7171
130 -85.676
131 -85.592
132 -85.4733
133 -85.3444
134 -85.2333
135 -85.1575
136 -85.1161
137 -85.0908
138 -85.054
139 -84.9827
140 -84.8715
141 -84.735
142 -84.5995
143 -84.4883
144 -84.4113
145 -84.3611
146 -84.3178
147 -84.2598
148 -84.1759
149 -84.0712
150 -83.9638
151 -83.8737
152 -83.8123
153 -83.7774
154 -83.7553
155 -83.7295
156 -83.6905
157 -83.6423
158 -83.5994
159 -83.5779
160 -83.5857
161 -83.6174
162 -83.6567
163 -83.6852
164 -83.6946
165 -83.6926
166 -83.6991
167 -83.7344
168 -83.807
169 -83.9062
170 -84.0055
171 -84.0755
172 -84.101
173 -84.0922
174 -84.0786
175 -84.0915
176 -84.1455
177 -84.2288
178 -84.3074
179 -84.3414
180 -84.31
181 -84.2256
182 -84.1256
183 -84.0499
184 -84.0179
185 -84.0202
186 -84.024
187 -83.9919
188 -83.9058
189 -83.7792
190 -83.648
191 -83.5486
192 -83.4979
193 -83.4868
194 -83.4865
195 -83.4661
196 -83.4125
197 -83.3392
198 -83.2775
199 -83.2566
200 -83.2869
201 -83.3542
202 -83.4272
203 -83.4759
204 -83.4916
205 -83.4935
206 -83.517
207 -83.5915
208 -83.722
209 -83.8841
210 -84.0341
211 -84.1338
212 -84.1769
213 -84.1949
214 -84.2366
215 -84.3372
216 -84.4971
217 -84.6778
218 -84.8187
219 -84.8737
220 -84.8446
221 -84.7805
222 -84.7438
223 -84.7712
224 -84.8544
225 -84.9437
226 -84.9755
227 -84.9145
228 -84.7805
229 -84.6335
230 -84.5329
231 -84.5036
232 -84.5255
233 -84.5455
234 -84.5093
235 -84.3987
236 -84.2455
237 -84.1085
238 -84.0359
239 -84.0396
240 -84.0903
241 -84.1322
242 -84.1161
243 -84.0331
244 -83.9223
245 -83.8438
246 -83.8434
247 -83.9288
248 -84.0659
249 -84.1939
250 -84.2591
251 -84.2519
252 -84.2145
253 -84.213
254 -84.2984
255 -84.4809
256 -84.7243
257 -84.9597
258 -85.123
259 -85.1984
260 -85.2318
261 -85.2989
262 -85.4584
263 -85.7211
264 -86.041
265 -86.3316
266 -86.5134
267 -86.5714
268 -86.5684
269 -86.5971
270 -86.72
271 -86.9359
272 -87.1757
273 -87.3329
274 -87.3308
275 -87.1847
276 -86.9889
277 -86.8457
278 -86.8082
279 -86.861
280 -86.9299
281 -86.9208
282 -86.78
283 -86.5345
284 -86.2695
285 -86.0707
286 -85.9825
287 -85.9955
288 -86.054
289 -86.0817
290 -86.023
291 -85.8785
292 -85.7022
293 -85.5649
294 -85.5171
295 -85.5699
296 -85.6933
297 -85.8284
298 -85.9137
299 -85.9192
300 -85.8643
301 -85.8042
302 -85.7976
303 -85.8798
304 -86.0505
305 -86.2738
306 -86.4916
307 -86.6487
308 -86.7239
309 -86.7436
310 -86.7653
311 -86.847
312 -87.0227
313 -87.2911
314 -87.6147
315 -87.9312
316 -88.1796
317 -88.3344
318 -88.4234
319 -88.5106
320 -88.6625
321 -88.9192
322 -89.2808
323 -89.7042
324 -90.1133
325 -90.4296
326 -90.6178
327 -90.7099
328 -90.7828
329 -90.9114
330 -91.1333
331 -91.435
332 -91.7534
333 -91.9982
334 -92.0971
335 -92.0413
336 -91.8871
337 -91.7131
338 -91.5755
339 -91.4895
340 -91.4335
341 -91.3654
342 -91.2463
343 -91.0598
344 -90.8176
345 -90.549
346 -90.284
347 -90.0423
348 -89.8307
349 -89.6469
350 -89.4847
351 -89.3382
352 -89.203
353 -89.0761
354 -88.9542
355 -88.8346
356 -88.7158
357 -88.6
358 -88.4937
359 -88.4065
360 -88.3478
361 -88.3239
362 -88.3343
363 -88.372
364 -88.4249
365 -88.4801
366 -88.5286
367 -88.5687
368 -88.6069
369 -88.6544
370 -88.7226
371 -88.8186
372 -88.9434
373 -89.0913
374 -89.2532
375 -89.4194
376 -89.5835
377 -89.7441
378 -89.9045
379 -90.0697
380 -90.2439
381 -90.4278
382 -90.6182
383 -90.8102
384 -90.999
385 -91.1836
386 -91.3673
387 -91.5574
388 -91.7629
389 -91.9917
390 -92.2478
391 -92.5308
392 -92.8358
393 -93.1556
394 -93.4829
395 -93.8129
396 -94.1448
397 -94.4816
398 -94.8287
399 -95.1911
400 -95.5708
401 -95.9654
402 -96.3678
403 -96.7668
404 -97.1495
405 -97.504
406 -97.8211
407 -98.0955
408 -98.3243
409 -98.5052
410 -98.6343
411 -98.7058
412 -98.7128
413 -98.6497
414 -98.5149
415 -98.312
416 -98.0496
417 -97.7391
418 -97.3929
419 -97.0221
420 -96.6358
421 -96.2412
422 -95.8436
423 -95.4473
424 -95.0563
425 -94.6738
426 -94.3031
427 -93.9472
428 -93.6084
429 -93.2887
430 -92.9892
431 -92.7106
432 -92.453
433 -92.2161
434 -91.9991
435 -91.8014
436 -91.6222
437 -91.4606
438 -91.316
439 -91.1881
440 -91.0763
441 -90.9804
442 -90.9002
443 -90.8352
444 -90.7851
445 -90.7492
446 -90.7268
447 -90.717
448 -90.7187
449 -90.7308
450 -90.7522
451 -90.7815
452 -90.8176
453 -90.8595
454 -90.9064
455 -90.9577
456 -91.0131
457 -91.0728
458 -91.1372
459 -91.207
460 -91.2835
461 -91.3678
462 -91.4617
463 -91.5667
464 -91.6848
465 -91.8179
466 -91.9678
467 -92.1365
468 -92.3258
469 -92.5377
470 -92.7737
471 -93.0355
472 -93.3247
473 -93.6426
474 -93.9905
475 -94.3695
476 -94.7802
477 -95.2231
478 -95.6979
479 -96.2034
480 -96.7376
481 -97.2964
482 -97.8737
483 -98.4602
484 -99.0424
485 -99.6023
486 -100.117
487 -100.561
488 -100.907
489 -101.135
490 -101.234
491 -101.208
492 -101.069
493 -100.842
494 -100.553
495 -100.224
496 -99.8773
497 -99.5278
498 -99.1868
499 -98.8619
500 -98.5573
501 -98.2754
502 -98.0166
503 -97.7806
504 -97.5664
505 -97.3728
506 -97.1984
507 -97.042
508 -96.9019
509 -96.7766
510 -96.6644
511 -96.5634
512 -96.4722
513 -96.3894
514 -96.3143
515 -96.2463
516 -96.1855
517 -96.1318
518 -96.0856
519 -96.0469
520 -96.0157
521 -95.9923
522 -95.9768
523 -95.9696
524 -95.9712
525 -95.9822
526 -96.003
527 -96.0337
528 -96.0743
529 -96.1241
530 -96.1824
531 -96.2481
532 -96.3203
533 -96.3979
534 -96.48
535 -96.5652
536 -96.6525
537 -96.7402
538 -96.8268
539 -96.9105
540 -96.9899
541 -97.064
542 -97.1318
543 -97.1933
544 -97.2484
545 -97.2976
546 -97.3412
547 -97.3797
548 -97.4136
549 -97.4439
550 -97.4714
551 -97.4975
552 -97.524
553 -97.5525
554 -97.5848
555 -97.6222
556 -97.6658
557 -97.716
558 -97.7728
559 -97.8356
560 -97.9037
561 -97.9765
562 -98.0533
563 -98.1335
564 -98.2165
565 -98.3017
566 -98.388
567 -98.474
568 -98.5581
569 -98.6385
570 -98.7132
571 -98.7807
572 -98.8396
573 -98.889
574 -98.9286
575 -98.9578
576 -98.9765
577 -98.9842
578 -98.9807
579 -98.966
580 -98.9406
581 -98.905
582 -98.8606
583 -98.8085
584 -98.7501
585 -98.6864
586 -98.6183
587 -98.5462
588 -98.4706
589 -98.3919
590 -98.3107
591 -98.228
592 -98.1444
593 -98.0609
594 -97.9781
595 -97.8963
596 -97.8156
597 -97.7359
598 -97.6572
599 -97.5799
600 -97.5048
601 -97.4333
602 -97.367
603 -97.3075
604 -97.2561
605 -97.2136
606 -97.18
607 -97.1551
608 -97.1378
609 -97.1275
610 -97.1236
611 -97.1264
612 -97.1365
613 -97.1555
614 -97.185
615 -97.2268
616 -97.2826
617 -97.3534
618 -97.44
619 -97.5429
620 -97.662
621 -97.7976
622 -97.9497
623 -98.1187
624 -98.3053
625 -98.5104
626 -98.7348
627 -98.9796
628 -99.2452
629 -99.532
630 -99.8398
631 -100.168
632 -100.516
633 -100.883
634 -101.268
635 -101.672
636 -102.094
637 -102.536
638 -102.999
639 -103.486
640 -103.996
641 -104.531
642 -105.088
643 -105.665
644 -106.255
645 -106.852
646 -107.444
647 -108.022
648 -108.575
649 -109.093
650 -109.567
651 -109.992
652 -110.362
653 -110.675
654 -110.929
655 -111.125
656 -111.267
657 -111.361
658 -111.414
659 -111.436
660 -111.436
661 -111.426
662 -111.414
663 -111.41
664 -111.423
665 -111.458
666 -111.519
667 -111.607
668 -111.723
669 -111.871
670 -112.053
671 -112.275
672 -112.543
673 -112.862
674 -113.239
675 -113.677
676 -114.181
677 -114.759
678 -115.418
679 -116.172
680 -117.034
681 -118.021
682 -119.15
683 -120.433
684 -121.862
685 -123.353
686 -124.636
687 -125.175
688 -124.585
689 -123.172
690 -121.494
691 -119.865
692 -118.382
693 -117.057
694 -115.874
695 -114.816
696 -113.867
697 -113.014
698 -112.244
699 -111.545
700 -110.906
701 -110.318
702 -109.775
703 -109.274
704 -108.814
705 -108.393
706 -108.008
707 -107.651
708 -107.318
709 -107.004
710 -106.71
711 -106.438
712 -106.19
713 -105.964
714 -105.756
715 -105.559
716 -105.371
717 -105.191
718 -105.021
719 -104.864
720 -104.719
721 -104.584
722 -104.456
723 -104.335
724 -104.22
725 -104.114
726 -104.014
727 -103.918
728 -103.824
729 -103.731
730 -103.641
731 -103.557
732 -103.48
733 -103.406
734 -103.331
735 -103.251
736 -103.168
737 -103.085
738 -103.008
739 -102.938
740 -102.87
741 -102.797
742 -102.717
743 -102.631
744 -102.546
745 -102.467
746 -102.393
747 -102.318
748 -102.235
749 -102.143
750 -102.049
751 -101.964
752 -101.891
753 -101.83
754 -101.771
755 -101.707
756 -101.635
757 -101.563
758 -101.5
759 -101.45
760 -101.412
761 -101.377
762 -101.339
763 -101.297
764 -101.256
765 -101.222
766 -101.197
767 -101.177
768 -101.152
769 -101.118
770 -101.078
771 -101.041
772 -101.016
773 -101.006
774 -101.007
775 -101.007
776 -101
777 -100.985
778 -100.966
779 -100.947
780 -100.927
781 -100.901
782 -100.86
783 -100.806
784 -100.743
785 -100.684
786 -100.635
787 -100.592
788 -100.544
789 -100.48
790 -100.398
791 -100.307
792 -100.222
793 -100.157
794 -100.115
795 -100.089
796 -100.066
797 -100.038
798 -100.003
799 -99.9638
800 -99.9254
801 -99.8863
802 -99.8411
803 -99.7852
804 -99.7206
805 -99.6566
806 -99.6044
807 -99.5702
808 -99.5509
809 -99.5366
810 -99.5173
811 -99.4903
812 -99.462
813 -99.4433
814 -99.4422
815 -99.459
816 -99.4871
817 -99.5191
818 -99.5522
819 -99.5892
820 -99.6342
821 -99.6868
822 -99.7397
823 -99.7829
824 -99.8118
825 -99.8323
826 -99.8584
827 -99.9033
828 -99.9708
829 -100.053
830 -100.138
831 -100.215
832 -100.287
833 -100.364
834 -100.457
835 -100.566
836 -100.68
837 -100.786
838 -100.878
839 -100.966
840 -101.064
841 -101.184
842 -101.32
843 -101.453
844 -101.562
845 -101.642
846 -101.71
847 -101.792
848 -101.902
849 -102.034
850 -102.161
851 -102.26
852 -102.326
853 -102.383
854 -102.462
855 -102.575
856 -102.706
857 -102.816
858 -102.878
859 -102.895
860 -102.906
861 -102.952
862 -103.046
863 -103.161
864 -103.246
865 -103.268
866 -103.243
867 -103.219
868 -103.244
869 -103.324
870 -103.418
871 -103.466
872 -103.441
873 -103.373
874 -103.329
875 -103.36
876 -103.456
877 -103.553
878 -103.569
879 -103.484
880 -103.36
881 -103.297
882 -103.357
883 -103.513
884 -103.652
885 -103.641
886 -103.448
887 -103.195
888 -103.071
889 -103.25
890 -103.913
